3.239893992040925319e+00
3.239893992040925319e+00
3.239893992040925319e+00
3.239893992040925319e+00
6.748741745703005002e+00
6.748741745703005002e+00
6.748741745703005002e+00
6.748741745703005002e+00
6.748741745703005002e+00
6.748741745703005002e+00
6.748741745703005002e+00
1.204417475376800795e+01
1.204417475376800795e+01
1.204417475376800795e+01
1.204417475376800795e+01
1.204417475376800795e+01
1.204417475376800795e+01
1.204417475376800795e+01
1.204417475376800795e+01
1.204417475376800795e+01
1.204417475376800795e+01
1.204417475376800795e+01
1.204417475376800795e+01
1.204417475376800795e+01
1.204417475376800795e+01
1.204417475376800795e+01
1.204417475376800795e+01
1.204417475376800795e+01
1.204417475376800795e+01
1.204417475376800795e+01
1.204417475376800795e+01
1.204417475376800795e+01
1.204417475376800795e+01
1.204417475376800795e+01
1.204417475376800795e+01
1.204417475376800795e+01
1.204417475376800795e+01
1.204417475376800795e+01
1.204417475376800795e+01
1.204417475376800795e+01
1.204417475376800795e+01
1.204417475376800795e+01
1.204417475376800795e+01
1.204417475376800795e+01
1.204417475376800795e+01
1.204417475376800795e+01
1.204417475376800795e+01
1.204417475376800795e+01
1.204417475376800795e+01
1.204417475376800795e+01
1.204417475376800795e+01
1.204417475376800795e+01
1.204417475376800795e+01
1.204417475376800795e+01
1.204417475376800795e+01
1.204417475376800795e+01
1.204417475376800795e+01
1.204417475376800795e+01
1.204417475376800795e+01
1.204417475376800795e+01
1.204417475376800795e+01
1.204417475376800795e+01
1.204417475376800795e+01
1.204417475376800795e+01
1.204417475376800795e+01
1.204417475376800795e+01
1.204417475376800795e+01
1.204417475376800795e+01
1.204417475376800795e+01
1.204417475376800795e+01
1.204417475376800795e+01
1.204417475376800795e+01
1.204417475376800795e+01
1.204417475376800795e+01
1.204417475376800795e+01
1.204417475376800795e+01
1.204417475376800795e+01
1.204417475376800795e+01
2.481429180856451921e+01
2.481429180856451921e+01
2.481429180856451921e+01
2.481429180856451921e+01
2.481429180856451921e+01
2.481429180856451921e+01
2.481429180856451921e+01
2.481429180856451921e+01
2.481429180856451921e+01
2.481429180856451921e+01
2.481429180856451921e+01
2.481429180856451921e+01
2.481429180856451921e+01
2.481429180856451921e+01
2.481429180856451921e+01
2.481429180856451921e+01
2.481429180856451921e+01
2.481429180856451921e+01
2.481429180856451921e+01
2.481429180856451921e+01
2.481429180856451921e+01
2.481429180856451921e+01
2.481429180856451921e+01
