5.546469365627572756e+00
5.546469365627572756e+00
1.185552758704692522e+01
1.783705976938436422e+01
2.169448609626911306e+01
2.678725489422000905e+01
3.066586900207349586e+01
3.066586900207349586e+01
3.717388142863010358e+01
3.717388142863010358e+01
3.717388142863010358e+01
3.717388142863010358e+01
3.717388142863010358e+01
3.717388142863010358e+01
3.735624714318168316e+01
3.735624714318168316e+01
6.170198274235230684e+01
6.170198274235230684e+01
6.170198274235230684e+01
6.170198274235230684e+01
6.170198274235230684e+01
6.170198274235230684e+01
6.170198274235230684e+01
6.170198274235230684e+01
6.170198274235230684e+01
6.170198274235230684e+01
6.170198274235230684e+01
6.170198274235230684e+01
6.170198274235230684e+01
6.170198274235230684e+01
6.170198274235230684e+01
6.170198274235230684e+01
6.170198274235230684e+01
6.170198274235230684e+01
6.170198274235230684e+01
6.170198274235230684e+01
6.170198274235230684e+01
6.170198274235230684e+01
6.170198274235230684e+01
6.170198274235230684e+01
6.170198274235230684e+01
6.170198274235230684e+01
6.170198274235230684e+01
6.170198274235230684e+01
6.170198274235230684e+01
6.170198274235230684e+01
6.170198274235230684e+01
6.170198274235230684e+01
6.170198274235230684e+01
6.170198274235230684e+01
6.170198274235230684e+01
6.170198274235230684e+01
6.170198274235230684e+01
6.170198274235230684e+01
6.170198274235230684e+01
6.170198274235230684e+01
6.170198274235230684e+01
6.170198274235230684e+01
6.170198274235230684e+01
6.170198274235230684e+01
6.170198274235230684e+01
6.170198274235230684e+01
6.170198274235230684e+01
6.170198274235230684e+01
6.170198274235230684e+01
6.170198274235230684e+01
6.170198274235230684e+01
6.170198274235230684e+01
6.170198274235230684e+01
6.170198274235230684e+01
6.170198274235230684e+01
6.170198274235230684e+01
6.170198274235230684e+01
6.170198274235230684e+01
6.170198274235230684e+01
6.170198274235230684e+01
6.170198274235230684e+01
6.170198274235230684e+01
6.170198274235230684e+01
6.170198274235230684e+01
6.170198274235230684e+01
6.170198274235230684e+01
6.170198274235230684e+01
6.170198274235230684e+01
6.170198274235230684e+01
6.170198274235230684e+01
6.170198274235230684e+01
6.170198274235230684e+01
6.170198274235230684e+01
6.170198274235230684e+01
6.170198274235230684e+01
6.170198274235230684e+01
6.170198274235230684e+01
6.170198274235230684e+01
6.170198274235230684e+01
6.170198274235230684e+01
6.170198274235230684e+01
6.170198274235230684e+01
6.170198274235230684e+01
6.170198274235230684e+01
6.170198274235230684e+01
