1.146764110317515417e+01
1.146764110317515417e+01
1.146764110317515417e+01
1.146764110317515417e+01
1.536577580840487300e+01
2.346564612565487096e+01
3.282209377742796619e+01
3.725104327670290161e+01
3.725104327670290161e+01
5.582973397325940113e+01
6.071813416041182876e+01
6.071813416041182876e+01
6.071813416041182876e+01
6.142200367149074225e+01
6.142200367149074225e+01
6.142200367149074225e+01
6.142200367149074225e+01
6.142200367149074225e+01
6.142200367149074225e+01
6.142200367149074225e+01
6.142200367149074225e+01
6.142200367149074225e+01
6.142200367149074225e+01
6.142200367149074225e+01
6.142200367149074225e+01
6.142200367149074225e+01
6.142200367149074225e+01
6.142200367149074225e+01
6.142200367149074225e+01
6.142200367149074225e+01
6.142200367149074225e+01
6.142200367149074225e+01
6.142200367149074225e+01
6.142200367149074225e+01
6.142200367149074225e+01
6.142200367149074225e+01
6.142200367149074225e+01
6.142200367149074225e+01
6.142200367149074225e+01
6.142200367149074225e+01
6.142200367149074225e+01
6.142200367149074225e+01
6.142200367149074225e+01
6.142200367149074225e+01
6.142200367149074225e+01
6.142200367149074225e+01
6.142200367149074225e+01
6.216070270682770627e+01
6.216070270682770627e+01
6.216070270682770627e+01
6.216070270682770627e+01
6.216070270682770627e+01
6.216070270682770627e+01
6.216070270682770627e+01
6.216070270682770627e+01
6.216070270682770627e+01
6.216070270682770627e+01
6.216070270682770627e+01
6.216070270682770627e+01
6.216070270682770627e+01
6.216070270682770627e+01
6.216070270682770627e+01
6.216070270682770627e+01
6.216070270682770627e+01
6.216070270682770627e+01
6.216070270682770627e+01
6.216070270682770627e+01
6.216070270682770627e+01
6.216070270682770627e+01
6.216070270682770627e+01
6.216070270682770627e+01
6.216070270682770627e+01
6.216070270682770627e+01
6.216070270682770627e+01
6.216070270682770627e+01
6.216070270682770627e+01
6.216070270682770627e+01
6.216070270682770627e+01
6.216070270682770627e+01
6.216070270682770627e+01
6.216070270682770627e+01
6.216070270682770627e+01
6.216070270682770627e+01
6.216070270682770627e+01
6.216070270682770627e+01
6.216070270682770627e+01
6.216070270682770627e+01
6.216070270682770627e+01
6.216070270682770627e+01
6.216070270682770627e+01
6.216070270682770627e+01
6.216070270682770627e+01
6.216070270682770627e+01
6.216070270682770627e+01
6.216070270682770627e+01
6.216070270682770627e+01
6.216070270682770627e+01
6.216070270682770627e+01
6.216070270682770627e+01
6.216070270682770627e+01
6.216070270682770627e+01
