1.385594077499900934e+00
1.385594077499900934e+00
1.385594077499900934e+00
1.705344945515170130e+00
1.705344945515170130e+00
1.705344945515170130e+00
1.705344945515170130e+00
1.705344945515170130e+00
2.261082034062431134e+00
2.361218933573462575e+00
2.361218933573462575e+00
2.361218933573462575e+00
4.436702893713742490e+00
7.519005407662036511e+00
9.069472702031251998e+00
1.183550398597505549e+01
1.320029191018570636e+01
1.320029191018570636e+01
1.320029191018570636e+01
1.320029191018570636e+01
1.332217856521040211e+01
1.346697633376758851e+01
1.346697633376758851e+01
1.346697633376758851e+01
1.346697633376758851e+01
1.346697633376758851e+01
1.346697633376758851e+01
1.346697633376758851e+01
1.346697633376758851e+01
1.346697633376758851e+01
1.346697633376758851e+01
1.346697633376758851e+01
1.346697633376758851e+01
1.346697633376758851e+01
1.346697633376758851e+01
1.346697633376758851e+01
1.346697633376758851e+01
1.346697633376758851e+01
1.346697633376758851e+01
1.346697633376758851e+01
1.346697633376758851e+01
1.346697633376758851e+01
1.346697633376758851e+01
1.346697633376758851e+01
1.346697633376758851e+01
1.346697633376758851e+01
1.346697633376758851e+01
1.346697633376758851e+01
1.346697633376758851e+01
1.346697633376758851e+01
1.346697633376758851e+01
1.346697633376758851e+01
1.346697633376758851e+01
1.346697633376758851e+01
1.346697633376758851e+01
1.346697633376758851e+01
1.346697633376758851e+01
1.348152083441715021e+01
1.348152083441715021e+01
1.348152083441715021e+01
1.348152083441715021e+01
1.348152083441715021e+01
1.348152083441715021e+01
1.348152083441715021e+01
1.348152083441715021e+01
1.348152083441715021e+01
1.348152083441715021e+01
1.348172856116713980e+01
1.348172856116713980e+01
1.348172856116713980e+01
1.348172856116713980e+01
1.348232059999133448e+01
1.348232059999133448e+01
1.348232059999133448e+01
1.348232059999133448e+01
1.348232059999133448e+01
1.348232059999133448e+01
1.348232059999133448e+01
1.348232059999133448e+01
1.348232059999133448e+01
1.348232059999133448e+01
1.348232059999133448e+01
1.348232059999133448e+01
1.348232059999133448e+01
1.348232059999133448e+01
1.348292371438181547e+01
1.348292371438181547e+01
1.348292371438181547e+01
1.348292371438181547e+01
1.348292371438181547e+01
1.348292371438181547e+01
1.348292371438181547e+01
1.348292371438181547e+01
1.348292371438181547e+01
1.348292371438181547e+01
1.887430266372993160e+01
1.887430266372993160e+01
1.887430266372993160e+01
1.887430266372993160e+01
1.887430266372993160e+01
1.887430266372993160e+01
