5.546469365627572756e+00
5.546469365627572756e+00
8.885081535738773795e+00
8.885081535738773795e+00
8.885081535738773795e+00
8.885081535738773795e+00
8.885081535738773795e+00
8.885081535738773795e+00
8.885081535738773795e+00
8.885081535738773795e+00
8.885081535738773795e+00
8.885081535738773795e+00
8.885081535738773795e+00
8.885081535738773795e+00
8.885081535738773795e+00
8.885081535738773795e+00
8.885081535738773795e+00
8.885081535738773795e+00
8.885081535738773795e+00
8.885081535738773795e+00
8.885081535738773795e+00
8.885081535738773795e+00
8.885081535738773795e+00
8.885081535738773795e+00
8.889717246067347034e+00
8.889717246067347034e+00
8.889717246067347034e+00
8.889717246067347034e+00
8.889717246067347034e+00
8.889717246067347034e+00
8.889717246067347034e+00
8.889717246067347034e+00
8.889717246067347034e+00
8.889717246067347034e+00
8.889717246067347034e+00
8.889717246067347034e+00
8.889717246067347034e+00
8.889717246067347034e+00
8.889717246067347034e+00
8.889717246067347034e+00
8.889717246067347034e+00
8.889717246067347034e+00
8.889717246067347034e+00
8.889717246067347034e+00
8.889717246067347034e+00
8.889717246067347034e+00
8.889717246067347034e+00
8.889717246067347034e+00
8.889717246067347034e+00
8.889717246067347034e+00
8.889717246067347034e+00
8.889717246067347034e+00
8.889717246067347034e+00
8.889717246067347034e+00
8.889717246067347034e+00
8.889717246067347034e+00
8.889717246067347034e+00
8.889717246067347034e+00
8.889717246067347034e+00
8.889717246067347034e+00
8.889717246067347034e+00
8.889717246067347034e+00
8.889717246067347034e+00
8.889717246067347034e+00
8.889717246067347034e+00
8.889717246067347034e+00
8.889717246067347034e+00
8.889717246067347034e+00
8.889717246067347034e+00
8.889717246067347034e+00
8.889717246067347034e+00
8.889717246067347034e+00
8.889717246067347034e+00
8.889717246067347034e+00
8.889717246067347034e+00
8.889717246067347034e+00
8.889717246067347034e+00
8.889717246067347034e+00
9.611888803657691938e+00
9.611888803657691938e+00
9.611888803657691938e+00
9.611888803657691938e+00
9.611888803657691938e+00
9.611888803657691938e+00
9.611888803657691938e+00
9.611888803657691938e+00
9.611888803657691938e+00
9.611888803657691938e+00
9.611888803657691938e+00
9.611888803657691938e+00
9.611888803657691938e+00
9.611888803657691938e+00
9.611888803657691938e+00
9.611888803657691938e+00
9.611888803657691938e+00
9.611888803657691938e+00
9.611888803657691938e+00
9.611888803657691938e+00
9.611888803657691938e+00
9.611888803657691938e+00
9.611888803657691938e+00
