3.239893992040925319e+00
3.239893992040925319e+00
1.045803276887444078e+01
1.045803276887444078e+01
1.045803276887444078e+01
1.141183408757734696e+01
1.141183408757734696e+01
1.209835313169337034e+01
1.332812723670871691e+01
1.332812723670871691e+01
1.373805409051368542e+01
1.373805409051368542e+01
1.374189813920792247e+01
1.374189813920792247e+01
1.374189813920792247e+01
1.374189813920792247e+01
1.374189813920792247e+01
1.374189813920792247e+01
1.374189813920792247e+01
1.374189813920792247e+01
1.374189813920792247e+01
1.374189813920792247e+01
1.374189813920792247e+01
1.374189813920792247e+01
1.374189813920792247e+01
1.374189813920792247e+01
1.374189813920792247e+01
1.374189813920792247e+01
1.384667477044965977e+01
1.384667477044965977e+01
1.384667477044965977e+01
1.436877107622666294e+01
1.638547329034161848e+01
1.638547329034161848e+01
1.638547329034161848e+01
1.658247087679616882e+01
1.679441804016378725e+01
1.727359370634695779e+01
1.727359370634695779e+01
1.745526108026627554e+01
1.745526108026627554e+01
1.745526108026627554e+01
1.745526108026627554e+01
1.745526108026627554e+01
1.745526108026627554e+01
1.747896007002644225e+01
1.747896007002644225e+01
1.747896007002644225e+01
1.747896007002644225e+01
1.747896007002644225e+01
1.749437575375104359e+01
1.749437575375104359e+01
1.749437575375104359e+01
1.749437575375104359e+01
1.749437575375104359e+01
1.749437575375104359e+01
1.749437575375104359e+01
1.749437575375104359e+01
1.749437575375104359e+01
1.749437575375104359e+01
1.749437575375104359e+01
1.749437575375104359e+01
1.749437575375104359e+01
1.749437575375104359e+01
1.749437575375104359e+01
1.749437575375104359e+01
1.749437575375104359e+01
1.749437575375104359e+01
1.749437575375104359e+01
1.749437575375104359e+01
1.749437575375104359e+01
1.749437575375104359e+01
1.749437575375104359e+01
1.749437575375104359e+01
1.749437575375104359e+01
1.749437575375104359e+01
1.749437575375104359e+01
1.749437575375104359e+01
1.749437575375104359e+01
1.749437575375104359e+01
1.749437575375104359e+01
1.749437575375104359e+01
1.749437575375104359e+01
1.749437575375104359e+01
1.749437575375104359e+01
1.749437575375104359e+01
1.749437575375104359e+01
1.749437575375104359e+01
1.749437575375104359e+01
1.749437575375104359e+01
1.749437575375104359e+01
1.749437575375104359e+01
1.749437575375104359e+01
1.749437575375104359e+01
1.749437575375104359e+01
1.749437575375104359e+01
1.749437575375104359e+01
1.749437575375104359e+01
1.749481401918638213e+01
1.749481401918638213e+01
1.749481401918638213e+01
