5.913261546355100151e+00
5.913261546355100151e+00
5.913261546355100151e+00
5.913261546355100151e+00
5.913261546355100151e+00
5.913261546355100151e+00
5.913261546355100151e+00
5.913261546355100151e+00
5.913261546355100151e+00
5.913261546355100151e+00
5.913261546355100151e+00
5.913261546355100151e+00
5.913261546355100151e+00
5.913261546355100151e+00
5.913261546355100151e+00
5.913261546355100151e+00
5.913261546355100151e+00
5.913261546355100151e+00
5.913261546355100151e+00
5.913261546355100151e+00
5.913261546355100151e+00
5.913261546355100151e+00
5.913261546355100151e+00
5.913261546355100151e+00
5.913261546355100151e+00
5.913261546355100151e+00
5.913261546355100151e+00
5.913261546355100151e+00
5.913261546355100151e+00
5.913261546355100151e+00
5.913261546355100151e+00
1.003651144698658193e+01
1.003651144698658193e+01
1.003651144698658193e+01
1.003651144698658193e+01
1.003651144698658193e+01
1.003651144698658193e+01
1.003651144698658193e+01
1.003651144698658193e+01
1.003651144698658193e+01
1.003651144698658193e+01
1.003651144698658193e+01
1.003651144698658193e+01
1.003651144698658193e+01
1.003651144698658193e+01
1.003651144698658193e+01
1.003651144698658193e+01
1.003651144698658193e+01
1.003651144698658193e+01
1.003651144698658193e+01
1.003651144698658193e+01
1.003651144698658193e+01
1.003651144698658193e+01
1.746441144502748699e+01
1.746441144502748699e+01
1.746441144502748699e+01
1.746441144502748699e+01
1.746441144502748699e+01
1.746441144502748699e+01
1.746441144502748699e+01
1.746441144502748699e+01
1.746441144502748699e+01
1.746441144502748699e+01
1.746441144502748699e+01
1.746441144502748699e+01
1.746441144502748699e+01
1.746441144502748699e+01
1.746441144502748699e+01
1.746441144502748699e+01
1.746441144502748699e+01
1.746441144502748699e+01
1.746441144502748699e+01
1.746441144502748699e+01
1.746441144502748699e+01
1.746441144502748699e+01
1.746441144502748699e+01
1.746441144502748699e+01
1.746441144502748699e+01
1.746441144502748699e+01
1.746441144502748699e+01
1.746441144502748699e+01
1.746441144502748699e+01
1.746441144502748699e+01
1.746441144502748699e+01
1.746441144502748699e+01
1.746441144502748699e+01
1.746441144502748699e+01
1.746441144502748699e+01
1.746441144502748699e+01
1.746441144502748699e+01
1.746441144502748699e+01
1.746441144502748699e+01
1.746441144502748699e+01
1.746441144502748699e+01
1.746441144502748699e+01
1.746441144502748699e+01
1.746441144502748699e+01
1.746441144502748699e+01
1.746441144502748699e+01
1.746441144502748699e+01
1.746441144502748699e+01
