3.177572795163625230e+00
3.177572795163625230e+00
3.177572795163625230e+00
3.177572795163625230e+00
3.177572795163625230e+00
3.177572795163625230e+00
3.177572795163625230e+00
3.177572795163625230e+00
3.177572795163625230e+00
3.177572795163625230e+00
3.177572795163625230e+00
3.339682348943114221e+00
3.339682348943114221e+00
3.339682348943114221e+00
3.339682348943114221e+00
4.809300694065897552e+00
4.809300694065897552e+00
4.809300694065897552e+00
4.809300694065897552e+00
4.809300694065897552e+00
4.809300694065897552e+00
4.809300694065897552e+00
4.809300694065897552e+00
4.809300694065897552e+00
4.809300694065897552e+00
5.769021729901258944e+00
5.769021729901258944e+00
5.769021729901258944e+00
5.769021729901258944e+00
5.769021729901258944e+00
5.769021729901258944e+00
5.769021729901258944e+00
5.769021729901258944e+00
5.769021729901258944e+00
5.769021729901258944e+00
5.769021729901258944e+00
5.769021729901258944e+00
5.769021729901258944e+00
5.769021729901258944e+00
5.769021729901258944e+00
5.769021729901258944e+00
5.769021729901258944e+00
5.769021729901258944e+00
5.769021729901258944e+00
5.769021729901258944e+00
5.769021729901258944e+00
5.769021729901258944e+00
5.769021729901258944e+00
5.769021729901258944e+00
5.769021729901258944e+00
5.769021729901258944e+00
5.769021729901258944e+00
5.769021729901258944e+00
5.769021729901258944e+00
5.769021729901258944e+00
5.769021729901258944e+00
5.769021729901258944e+00
5.769021729901258944e+00
5.769021729901258944e+00
5.769021729901258944e+00
5.769021729901258944e+00
5.769021729901258944e+00
5.769021729901258944e+00
5.769021729901258944e+00
5.769021729901258944e+00
5.769021729901258944e+00
5.769021729901258944e+00
5.769021729901258944e+00
5.769021729901258944e+00
5.769021729901258944e+00
5.769021729901258944e+00
5.769021729901258944e+00
5.769021729901258944e+00
5.769021729901258944e+00
5.769021729901258944e+00
5.769021729901258944e+00
5.769021729901258944e+00
5.769021729901258944e+00
5.769021729901258944e+00
5.769021729901258944e+00
5.769021729901258944e+00
5.769021729901258944e+00
5.769021729901258944e+00
7.694877909865573073e+00
7.694877909865573073e+00
7.694877909865573073e+00
7.694877909865573073e+00
7.694877909865573073e+00
7.694877909865573073e+00
7.694877909865573073e+00
7.694877909865573073e+00
7.694877909865573073e+00
7.694877909865573073e+00
9.677286495719616966e+00
9.677286495719616966e+00
9.677286495719616966e+00
9.677286495719616966e+00
1.631109939481112647e+01
1.631109939481112647e+01
2.045601803759240767e+01
2.045601803759240767e+01
