7.007851606300424585e+00 5.473952768661422219e+00
7.371464437234942935e+00 6.306029531421003753e+00
8.908868466733901315e+00 6.273893201746777670e+00
1.161989840282095443e+01 6.253399072246169865e+00
1.438189007176693224e+01 9.116945543274630026e+00
1.880084901596872626e+01 1.267910051435392482e+01
2.348505320183996403e+01 1.568067241490369845e+01
2.433801402426661298e+01 1.556584920117738768e+01
2.798750811419085949e+01 1.559490637137713698e+01
3.104094637811799728e+01 1.645659781610756767e+01
3.352226523273445480e+01 1.570454994565374740e+01
3.545345069302394592e+01 1.411077703826703100e+01
3.721721260579766266e+01 1.295729848601367351e+01
4.041492888762628866e+01 1.086484963803021841e+01
4.120064749837546003e+01 1.062238897555280204e+01
4.252232677133875427e+01 1.009609397302640588e+01
4.497395157274984001e+01 1.139573386442482672e+01
4.507308976390284982e+01 1.141700839097378761e+01
4.560911707858070940e+01 1.166346402009601491e+01
4.562993670773533950e+01 1.164871699079216150e+01
4.795116991071351009e+01 1.193045120385989044e+01
4.795116991071351009e+01 1.193045120385989044e+01
4.981930831164221729e+01 1.160344141997790501e+01
5.187713231988798412e+01 1.173814747377863021e+01
5.270186998096691156e+01 1.096575970573624659e+01
5.270186998096691156e+01 1.096575970573624659e+01
5.396170045096725687e+01 9.806770251820742246e+00
5.478425420119064881e+01 9.926285402431856753e+00
5.478425420119064881e+01 9.926285402431856753e+00
5.541622644022667998e+01 1.013714693663460054e+01
5.702020653500689917e+01 9.747289360004733894e+00
5.702020653500689917e+01 9.747289360004733894e+00
5.702020653500689917e+01 9.747289360004733894e+00
5.702020653500689917e+01 9.747289360004733894e+00
5.702020653500689917e+01 9.747289360004733894e+00
5.922979343155321885e+01 7.279583122710686638e+00
6.167086677028853359e+01 7.129712741495586314e-01
6.167086677028853359e+01 7.129712741495586314e-01
6.170422987995213049e+01 7.269137534729999128e-01
6.170422987995213049e+01 7.269137534729999128e-01
6.170422987995213049e+01 7.269137534729999128e-01
6.170422987995213049e+01 7.269137534729999128e-01
6.170422987995213049e+01 7.269137534729999128e-01
6.170422987995213049e+01 7.269137534729999128e-01
6.195314086219185867e+01 2.661362238364365362e-01
6.195314086219185867e+01 2.661362238364365362e-01
6.195314086219185867e+01 2.661362238364365362e-01
6.202701076572554939e+01 2.036399945740430539e-01
6.202701076572554939e+01 2.036399945740430539e-01
6.202701076572554939e+01 2.036399945740430539e-01
