6.167228072045565668e+00
6.167228072045565668e+00
6.167228072045565668e+00
6.167228072045565668e+00
7.128406491831417391e+00
8.724989086909999969e+00
1.041594867962025184e+01
1.207728208991117036e+01
1.335122500185188521e+01
1.335122500185188521e+01
1.738017158370558946e+01
1.738017158370558946e+01
2.114858564682228348e+01
3.168390727198442036e+01
3.168390727198442036e+01
3.168390727198442036e+01
3.168390727198442036e+01
3.168390727198442036e+01
3.168390727198442036e+01
3.168390727198442036e+01
3.168390727198442036e+01
3.168390727198442036e+01
3.168390727198442036e+01
3.747771904016075695e+01
3.747771904016075695e+01
3.747771904016075695e+01
5.007602374016423141e+01
5.528752466695426193e+01
5.528752466695426193e+01
6.160724705731450968e+01
6.160724705731450968e+01
6.160724705731450968e+01
6.160724705731450968e+01
6.160724705731450968e+01
6.160724705731450968e+01
6.160724705731450968e+01
6.160724705731450968e+01
6.160724705731450968e+01
6.160724705731450968e+01
6.160724705731450968e+01
6.160724705731450968e+01
6.160724705731450968e+01
6.160724705731450968e+01
6.160724705731450968e+01
6.160724705731450968e+01
6.160724705731450968e+01
6.160724705731450968e+01
6.160724705731450968e+01
6.160724705731450968e+01
6.160724705731450968e+01
6.160724705731450968e+01
6.160724705731450968e+01
6.160724705731450968e+01
6.160724705731450968e+01
6.160724705731450968e+01
6.160724705731450968e+01
6.160724705731450968e+01
6.160724705731450968e+01
6.160724705731450968e+01
6.160724705731450968e+01
6.160724705731450968e+01
6.160724705731450968e+01
6.160724705731450968e+01
6.160724705731450968e+01
6.160724705731450968e+01
6.160724705731450968e+01
6.160724705731450968e+01
6.160724705731450968e+01
6.160724705731450968e+01
6.160724705731450968e+01
6.160724705731450968e+01
6.160724705731450968e+01
6.160724705731450968e+01
6.160724705731450968e+01
6.160724705731450968e+01
6.160724705731450968e+01
6.160724705731450968e+01
6.160724705731450968e+01
6.160724705731450968e+01
6.160724705731450968e+01
6.160724705731450968e+01
6.160724705731450968e+01
6.160724705731450968e+01
6.160724705731450968e+01
6.160724705731450968e+01
6.160724705731450968e+01
6.160724705731450968e+01
6.160724705731450968e+01
6.160724705731450968e+01
6.160724705731450968e+01
6.160724705731450968e+01
6.160724705731450968e+01
6.160724705731450968e+01
6.160724705731450968e+01
6.160724705731450968e+01
6.160724705731450968e+01
6.160724705731450968e+01
6.160724705731450968e+01
6.160724705731450968e+01
6.160724705731450968e+01
6.160724705731450968e+01
