3.177572795163625230e+00
3.177572795163625230e+00
3.177572795163625230e+00
3.177572795163625230e+00
3.177572795163625230e+00
3.450913309796217021e+00
3.994970466886551108e+00
3.994970466886551108e+00
3.994970466886551108e+00
3.994970466886551108e+00
3.994970466886551108e+00
5.725167851353530679e+00
5.725167851353530679e+00
6.182241718324056556e+00
6.182241718324056556e+00
6.182241718324056556e+00
6.182241718324056556e+00
6.258110396406624254e+00
6.258110396406624254e+00
6.258110396406624254e+00
6.258110396406624254e+00
6.272880764738596682e+00
6.272880764738596682e+00
6.272880764738596682e+00
6.272880764738596682e+00
6.272880764738596682e+00
6.272880764738596682e+00
6.272880764738596682e+00
6.272880764738596682e+00
6.272880764738596682e+00
6.272880764738596682e+00
6.272880764738596682e+00
6.272880764738596682e+00
6.272880764738596682e+00
6.272880764738596682e+00
9.318199735550628304e+00
9.318199735550628304e+00
9.696104526685010327e+00
1.175927124215697717e+01
1.251814456176293255e+01
1.312000831932577150e+01
1.345530721928238549e+01
1.345530721928238549e+01
1.345530721928238549e+01
1.345530721928238549e+01
1.345530721928238549e+01
1.345530721928238549e+01
1.345530721928238549e+01
1.345530721928238549e+01
1.348198004385923987e+01
1.348198004385923987e+01
1.348198004385923987e+01
1.348198004385923987e+01
1.348198004385923987e+01
1.348198004385923987e+01
1.348198004385923987e+01
1.348198004385923987e+01
1.348198004385923987e+01
1.348198004385923987e+01
1.348198004385923987e+01
1.348198004385923987e+01
1.348198004385923987e+01
1.348198004385923987e+01
1.348198004385923987e+01
1.348198004385923987e+01
1.348198004385923987e+01
1.348198004385923987e+01
1.348198004385923987e+01
1.348198004385923987e+01
1.348198004385923987e+01
1.348198004385923987e+01
1.348198004385923987e+01
1.348198004385923987e+01
1.348198004385923987e+01
1.348198004385923987e+01
1.348198004385923987e+01
1.348198004385923987e+01
1.348198004385923987e+01
1.348198004385923987e+01
1.348198004385923987e+01
1.348198004385923987e+01
1.348198004385923987e+01
1.348198004385923987e+01
1.348198004385923987e+01
1.348198004385923987e+01
1.348198004385923987e+01
1.348198004385923987e+01
1.348198004385923987e+01
1.348198004385923987e+01
1.348198004385923987e+01
1.348198004385923987e+01
1.348198004385923987e+01
1.348198004385923987e+01
1.348198004385923987e+01
1.348198004385923987e+01
1.348198004385923987e+01
1.348198004385923987e+01
1.348198004385923987e+01
1.348198004385923987e+01
1.348198004385923987e+01
1.348198004385923987e+01
