6.397973401932600446e+00
6.397973401932600446e+00
6.397973401932600446e+00
6.397973401932600446e+00
6.397973401932600446e+00
6.397973401932600446e+00
6.397973401932600446e+00
6.397973401932600446e+00
6.397973401932600446e+00
6.397973401932600446e+00
6.397973401932600446e+00
6.397973401932600446e+00
6.397973401932600446e+00
6.397973401932600446e+00
6.397973401932600446e+00
6.397973401932600446e+00
6.397973401932600446e+00
6.397973401932600446e+00
6.397973401932600446e+00
6.397973401932600446e+00
6.397973401932600446e+00
6.397973401932600446e+00
1.245853906829298374e+01
1.245853906829298374e+01
1.245853906829298374e+01
1.245853906829298374e+01
1.245853906829298374e+01
1.245853906829298374e+01
1.245853906829298374e+01
1.245853906829298374e+01
1.245853906829298374e+01
1.245853906829298374e+01
1.245853906829298374e+01
1.245853906829298374e+01
1.245853906829298374e+01
1.245853906829298374e+01
1.245853906829298374e+01
1.245853906829298374e+01
1.245853906829298374e+01
1.245853906829298374e+01
1.245853906829298374e+01
1.245853906829298374e+01
1.245853906829298374e+01
1.245853906829298374e+01
1.245853906829298374e+01
1.245853906829298374e+01
2.536424333163489564e+01
2.536424333163489564e+01
2.536424333163489564e+01
2.536424333163489564e+01
2.536424333163489564e+01
2.536424333163489564e+01
2.536424333163489564e+01
2.536424333163489564e+01
2.536424333163489564e+01
2.536424333163489564e+01
2.536424333163489564e+01
2.536424333163489564e+01
2.536424333163489564e+01
2.536424333163489564e+01
2.536424333163489564e+01
2.536424333163489564e+01
2.536424333163489564e+01
2.536424333163489564e+01
2.536424333163489564e+01
2.536424333163489564e+01
2.536424333163489564e+01
2.536424333163489564e+01
2.536424333163489564e+01
2.536424333163489564e+01
2.536424333163489564e+01
2.536424333163489564e+01
2.536424333163489564e+01
2.536424333163489564e+01
2.536424333163489564e+01
2.536424333163489564e+01
2.536424333163489564e+01
2.536424333163489564e+01
2.536424333163489564e+01
2.536424333163489564e+01
2.536424333163489564e+01
2.536424333163489564e+01
2.766036813450803322e+01
2.766036813450803322e+01
2.766036813450803322e+01
2.766036813450803322e+01
2.766036813450803322e+01
2.766036813450803322e+01
2.766036813450803322e+01
2.766036813450803322e+01
2.766036813450803322e+01
2.766036813450803322e+01
2.766036813450803322e+01
2.766036813450803322e+01
2.766036813450803322e+01
2.766036813450803322e+01
2.766036813450803322e+01
2.766036813450803322e+01
2.766036813450803322e+01
2.766036813450803322e+01
2.766036813450803322e+01
