5.225635367058583114e+00
5.225635367058583114e+00
5.225635367058583114e+00
1.063549634827813506e+01
1.083391911469428237e+01
1.083391911469428237e+01
1.288748302503938881e+01
1.288748302503938881e+01
2.331704712392690126e+01
2.331704712392690126e+01
2.885207355536975982e+01
2.885207355536975982e+01
3.721542706634995312e+01
3.721542706634995312e+01
3.725914776488161806e+01
3.725914776488161806e+01
3.725914776488161806e+01
3.725914776488161806e+01
3.725914776488161806e+01
3.746734405642792609e+01
5.982390059112360348e+01
5.982390059112360348e+01
5.986550846955359617e+01
5.986550846955359617e+01
5.986550846955359617e+01
5.986550846955359617e+01
5.986550846955359617e+01
6.217902587993678765e+01
6.217902587993678765e+01
6.217902587993678765e+01
6.217902587993678765e+01
6.217902587993678765e+01
6.217902587993678765e+01
6.217902587993678765e+01
6.217902587993678765e+01
6.217902587993678765e+01
6.217902587993678765e+01
6.217902587993678765e+01
6.217902587993678765e+01
6.217902587993678765e+01
6.217902587993678765e+01
6.217902587993678765e+01
6.217902587993678765e+01
6.217902587993678765e+01
6.217902587993678765e+01
6.217902587993678765e+01
6.217902587993678765e+01
6.217902587993678765e+01
6.217902587993678765e+01
6.217902587993678765e+01
6.217902587993678765e+01
6.217902587993678765e+01
6.217902587993678765e+01
6.217902587993678765e+01
6.217902587993678765e+01
6.217902587993678765e+01
6.217902587993678765e+01
6.217902587993678765e+01
6.217902587993678765e+01
6.217902587993678765e+01
6.217902587993678765e+01
6.217902587993678765e+01
6.217902587993678765e+01
6.217902587993678765e+01
6.217902587993678765e+01
6.217902587993678765e+01
6.217902587993678765e+01
6.217902587993678765e+01
6.217902587993678765e+01
6.217902587993678765e+01
6.217902587993678765e+01
6.217902587993678765e+01
6.217902587993678765e+01
6.217902587993678765e+01
6.217902587993678765e+01
6.217902587993678765e+01
6.217902587993678765e+01
6.217902587993678765e+01
6.217902587993678765e+01
6.217902587993678765e+01
6.217902587993678765e+01
6.217902587993678765e+01
6.217902587993678765e+01
6.217902587993678765e+01
6.217902587993678765e+01
6.217902587993678765e+01
6.217902587993678765e+01
6.217902587993678765e+01
6.217902587993678765e+01
6.217902587993678765e+01
6.217902587993678765e+01
6.217902587993678765e+01
6.217902587993678765e+01
6.217902587993678765e+01
6.217902587993678765e+01
6.217902587993678765e+01
6.217902587993678765e+01
6.217902587993678765e+01
6.217902587993678765e+01
6.217902587993678765e+01
6.217902587993678765e+01
