6.397973401932600446e+00
6.397973401932600446e+00
6.397973401932600446e+00
1.256327489160611499e+01
1.256327489160611499e+01
2.065004192212700929e+01
2.619605056400799725e+01
2.619605056400799725e+01
3.367926106062304115e+01
3.367926106062304115e+01
3.367926106062304115e+01
3.367926106062304115e+01
3.367926106062304115e+01
3.753441996715337581e+01
3.753441996715337581e+01
3.753441996715337581e+01
3.753441996715337581e+01
3.753441996715337581e+01
3.753441996715337581e+01
3.753441996715337581e+01
3.753441996715337581e+01
3.753441996715337581e+01
3.753441996715337581e+01
3.753441996715337581e+01
4.578179657794270696e+01
4.578179657794270696e+01
4.578179657794270696e+01
4.578179657794270696e+01
4.578179657794270696e+01
4.578179657794270696e+01
6.182159752574491307e+01
6.182159752574491307e+01
6.182159752574491307e+01
6.182159752574491307e+01
6.182159752574491307e+01
6.182159752574491307e+01
6.182159752574491307e+01
6.182159752574491307e+01
6.215522862238086077e+01
6.215522862238086077e+01
6.215522862238086077e+01
6.215522862238086077e+01
6.215522862238086077e+01
6.215522862238086077e+01
6.215522862238086077e+01
6.215522862238086077e+01
6.215522862238086077e+01
6.215522862238086077e+01
6.215522862238086077e+01
6.215522862238086077e+01
6.215522862238086077e+01
6.215522862238086077e+01
6.215522862238086077e+01
6.215522862238086077e+01
6.215522862238086077e+01
6.215522862238086077e+01
6.215522862238086077e+01
6.215522862238086077e+01
6.215522862238086077e+01
6.215522862238086077e+01
6.215522862238086077e+01
6.215522862238086077e+01
6.215522862238086077e+01
6.215522862238086077e+01
6.215522862238086077e+01
6.215522862238086077e+01
6.215522862238086077e+01
6.215522862238086077e+01
6.215522862238086077e+01
6.215522862238086077e+01
6.215522862238086077e+01
6.215522862238086077e+01
6.215522862238086077e+01
6.215522862238086077e+01
6.215522862238086077e+01
6.215522862238086077e+01
6.215522862238086077e+01
6.215522862238086077e+01
6.215522862238086077e+01
6.215522862238086077e+01
6.215522862238086077e+01
6.215522862238086077e+01
6.215522862238086077e+01
6.215522862238086077e+01
6.215522862238086077e+01
6.215522862238086077e+01
6.215522862238086077e+01
6.215522862238086077e+01
6.215522862238086077e+01
6.215522862238086077e+01
6.215522862238086077e+01
6.215522862238086077e+01
6.215522862238086077e+01
6.215522862238086077e+01
6.215522862238086077e+01
6.215522862238086077e+01
6.215522862238086077e+01
6.215522862238086077e+01
6.215522862238086077e+01
6.215522862238086077e+01
6.215522862238086077e+01
