6.167228072045565668e+00
6.167228072045565668e+00
6.167228072045565668e+00
6.167228072045565668e+00
6.167228072045565668e+00
6.167228072045565668e+00
6.167228072045565668e+00
6.167228072045565668e+00
6.167228072045565668e+00
6.167228072045565668e+00
6.167228072045565668e+00
6.167228072045565668e+00
6.167228072045565668e+00
6.167228072045565668e+00
2.197206822683860850e+01
2.197206822683860850e+01
2.197206822683860850e+01
2.197206822683860850e+01
2.197206822683860850e+01
2.197206822683860850e+01
2.197206822683860850e+01
2.197206822683860850e+01
2.197206822683860850e+01
2.197206822683860850e+01
2.197206822683860850e+01
2.197206822683860850e+01
2.197206822683860850e+01
2.197206822683860850e+01
2.197206822683860850e+01
2.197206822683860850e+01
2.197206822683860850e+01
2.197206822683860850e+01
2.197206822683860850e+01
2.197206822683860850e+01
2.197206822683860850e+01
2.197206822683860850e+01
2.197206822683860850e+01
2.197206822683860850e+01
2.197206822683860850e+01
2.197206822683860850e+01
2.197206822683860850e+01
2.197206822683860850e+01
2.197206822683860850e+01
2.197206822683860850e+01
2.197206822683860850e+01
2.197206822683860850e+01
2.197206822683860850e+01
2.197206822683860850e+01
2.197206822683860850e+01
2.197206822683860850e+01
2.197206822683860850e+01
2.197206822683860850e+01
2.197206822683860850e+01
2.197206822683860850e+01
2.197206822683860850e+01
2.197206822683860850e+01
2.197206822683860850e+01
2.197206822683860850e+01
2.197206822683860850e+01
2.197206822683860850e+01
2.197206822683860850e+01
2.197206822683860850e+01
2.197206822683860850e+01
2.197206822683860850e+01
2.197206822683860850e+01
2.197206822683860850e+01
2.197206822683860850e+01
2.197206822683860850e+01
2.197206822683860850e+01
2.197206822683860850e+01
2.197206822683860850e+01
2.197206822683860850e+01
2.197206822683860850e+01
2.197206822683860850e+01
2.197206822683860850e+01
2.197206822683860850e+01
2.197206822683860850e+01
2.197206822683860850e+01
2.197206822683860850e+01
2.197206822683860850e+01
2.197206822683860850e+01
2.197206822683860850e+01
2.197206822683860850e+01
2.197206822683860850e+01
2.197206822683860850e+01
2.197206822683860850e+01
2.197206822683860850e+01
2.197206822683860850e+01
2.197206822683860850e+01
2.197206822683860850e+01
2.197206822683860850e+01
2.197206822683860850e+01
2.197206822683860850e+01
2.197206822683860850e+01
2.197206822683860850e+01
2.197206822683860850e+01
2.197206822683860850e+01
2.197206822683860850e+01
2.197206822683860850e+01
2.197206822683860850e+01
2.197206822683860850e+01
