7.007851606300424585e+00 5.473952768661422219e+00
8.232992253984420472e+00 5.449474553793450582e+00
8.582368167225627786e+00 5.385003913690691313e+00
8.582368167225627786e+00 5.385003913690691313e+00
9.004193317618497616e+00 5.086886655681652769e+00
9.004193317618497616e+00 5.086886655681652769e+00
9.004193317618497616e+00 5.086886655681652769e+00
9.038268662381065965e+00 5.105421143009815310e+00
9.038268662381065965e+00 5.105421143009815310e+00
9.038268662381065965e+00 5.105421143009815310e+00
9.038268662381065965e+00 5.105421143009815310e+00
9.584022918565514360e+00 5.095041130797754114e+00
9.584022918565514360e+00 5.095041130797754114e+00
9.584022918565514360e+00 5.095041130797754114e+00
1.144169598565020074e+01 6.226949779972840382e+00
1.328333112696032536e+01 6.578228877203986968e+00
1.328333112696032536e+01 6.578228877203986968e+00
1.328333112696032536e+01 6.578228877203986968e+00
1.328333112696032536e+01 6.578228877203986968e+00
1.328333112696032536e+01 6.578228877203986968e+00
1.328333112696032536e+01 6.578228877203986968e+00
1.328333112696032536e+01 6.578228877203986968e+00
1.388938769359636538e+01 6.183284215751523760e+00
1.388938769359636538e+01 6.183284215751523760e+00
1.388985126462922359e+01 6.182909179673933942e+00
1.398582336821275796e+01 6.047173111974318616e+00
1.398582336821275796e+01 6.047173111974318616e+00
1.398582336821275796e+01 6.047173111974318616e+00
1.398582336821275796e+01 6.047173111974318616e+00
1.398582336821275796e+01 6.047173111974318616e+00
1.398582336821275796e+01 6.047173111974318616e+00
1.439814835827590755e+01 5.607260630387811418e+00
1.439814835827590755e+01 5.607260630387811418e+00
1.439814835827590755e+01 5.607260630387811418e+00
1.439814835827590755e+01 5.607260630387811418e+00
1.439814835827590755e+01 5.607260630387811418e+00
1.439814835827590755e+01 5.607260630387811418e+00
1.439814835827590755e+01 5.607260630387811418e+00
1.439814835827590755e+01 5.607260630387811418e+00
1.439814835827590755e+01 5.607260630387811418e+00
1.439814835827590755e+01 5.607260630387811418e+00
1.575865749120691817e+01 6.784477917029774652e+00
1.575865749120691817e+01 6.784477917029774652e+00
1.575865749120691817e+01 6.784477917029774652e+00
1.575865749120691817e+01 6.784477917029774652e+00
1.575865749120691817e+01 6.784477917029774652e+00
1.704922791754110989e+01 7.245772447061368915e+00
1.704922791754110989e+01 7.245772447061368915e+00
1.704922791754110989e+01 7.245772447061368915e+00
1.704922791754110989e+01 7.245772447061368915e+00
