6.397973401932600446e+00
6.397973401932600446e+00
6.397973401932600446e+00
1.201151438938723892e+01
1.201151438938723892e+01
1.201151438938723892e+01
1.201151438938723892e+01
1.412680455062035279e+01
1.412680455062035279e+01
1.412680455062035279e+01
1.969297979832680312e+01
1.969297979832680312e+01
1.969297979832680312e+01
2.233262182518865657e+01
2.708733975654390491e+01
3.533751111891245955e+01
3.533751111891245955e+01
3.639248045497127748e+01
3.658266787397605668e+01
3.739086802299421919e+01
3.739086802299421919e+01
3.754166690958740560e+01
3.754166690958740560e+01
3.754166690958740560e+01
3.754166690958740560e+01
3.754166690958740560e+01
3.754166690958740560e+01
3.754166690958740560e+01
3.754166690958740560e+01
3.754166690958740560e+01
3.754166690958740560e+01
3.754166690958740560e+01
3.754166690958740560e+01
3.754166690958740560e+01
3.754166690958740560e+01
3.754166690958740560e+01
3.754166690958740560e+01
3.754166690958740560e+01
3.754166690958740560e+01
3.754166690958740560e+01
3.754166690958740560e+01
3.754166690958740560e+01
3.756473985844317554e+01
3.756473985844317554e+01
3.756473985844317554e+01
3.756473985844317554e+01
3.756473985844317554e+01
3.756473985844317554e+01
3.756732241209326872e+01
3.756732241209326872e+01
3.756732241209326872e+01
3.756732241209326872e+01
3.756732241209326872e+01
3.756732241209326872e+01
3.756732241209326872e+01
3.756732241209326872e+01
3.756732241209326872e+01
3.756732241209326872e+01
3.757061074082668739e+01
3.757061074082668739e+01
3.757061074082668739e+01
3.757061074082668739e+01
3.757061074082668739e+01
3.757061074082668739e+01
3.757061074082668739e+01
3.757061074082668739e+01
3.757061074082668739e+01
3.757061074082668739e+01
3.757061074082668739e+01
3.757061074082668739e+01
3.757061074082668739e+01
3.757061074082668739e+01
3.757061074082668739e+01
3.757061074082668739e+01
3.757061074082668739e+01
3.757061074082668739e+01
3.757061074082668739e+01
3.757061074082668739e+01
3.757061074082668739e+01
3.757061074082668739e+01
3.757061074082668739e+01
3.757061074082668739e+01
3.757061074082668739e+01
3.757061074082668739e+01
3.757061074082668739e+01
3.757061074082668739e+01
3.757061074082668739e+01
3.757061074082668739e+01
3.757061074082668739e+01
3.757061074082668739e+01
3.757061074082668739e+01
3.757061074082668739e+01
3.757061074082668739e+01
3.757061074082668739e+01
3.757061074082668739e+01
3.757061074082668739e+01
3.757061074082668739e+01
3.757061074082668739e+01
3.757061074082668739e+01
3.757061074082668739e+01
3.757061074082668739e+01
