6.167228072045565668e+00
6.167228072045565668e+00
6.167228072045565668e+00
6.167228072045565668e+00
6.167228072045565668e+00
9.074994167267151468e+00
9.074994167267151468e+00
1.066750349988991964e+01
1.066750349988991964e+01
1.271917473789028641e+01
1.271917473789028641e+01
1.510470197860768238e+01
1.670581336450275600e+01
1.670581336450275600e+01
1.670581336450275600e+01
1.733295862895293027e+01
1.733295862895293027e+01
1.742637648744304357e+01
1.742637648744304357e+01
1.747762353833720539e+01
1.747762353833720539e+01
1.747762353833720539e+01
1.747762353833720539e+01
1.747762353833720539e+01
1.747762353833720539e+01
1.747762353833720539e+01
1.747762353833720539e+01
1.747762353833720539e+01
1.747762353833720539e+01
1.747762353833720539e+01
1.747762353833720539e+01
1.747762353833720539e+01
1.749323688108528785e+01
1.749323688108528785e+01
1.749323688108528785e+01
1.749323688108528785e+01
1.749323688108528785e+01
1.749323688108528785e+01
1.749323688108528785e+01
1.749323688108528785e+01
1.749323688108528785e+01
1.749323688108528785e+01
1.749323688108528785e+01
1.749323688108528785e+01
1.749323688108528785e+01
1.749323688108528785e+01
1.749323688108528785e+01
1.749323688108528785e+01
1.749323688108528785e+01
1.749323688108528785e+01
1.749323688108528785e+01
1.749323688108528785e+01
1.749323688108528785e+01
1.749323688108528785e+01
1.749323688108528785e+01
1.749323688108528785e+01
1.749323688108528785e+01
1.749323688108528785e+01
1.749323688108528785e+01
1.749323688108528785e+01
1.749323688108528785e+01
1.749323688108528785e+01
1.749323688108528785e+01
1.749323688108528785e+01
1.749323688108528785e+01
1.749323688108528785e+01
1.749323688108528785e+01
1.749323688108528785e+01
1.749323688108528785e+01
1.749323688108528785e+01
1.749323688108528785e+01
1.749323688108528785e+01
1.749323688108528785e+01
1.749323688108528785e+01
1.749323688108528785e+01
1.749323688108528785e+01
1.749323688108528785e+01
1.749323688108528785e+01
1.749323688108528785e+01
1.749323688108528785e+01
1.749323688108528785e+01
1.749441319819576179e+01
1.749441319819576179e+01
1.749441319819576179e+01
1.749441319819576179e+01
1.749441319819576179e+01
1.749441319819576179e+01
1.749441319819576179e+01
1.749441319819576179e+01
1.749441319819576179e+01
1.749441319819576179e+01
1.749441319819576179e+01
1.749441319819576179e+01
1.749441319819576179e+01
1.749441319819576179e+01
1.749441319819576179e+01
1.749441319819576179e+01
1.749441319819576179e+01
1.749441319819576179e+01
2.856039624346071193e+01
2.856039624346071193e+01
