7.007851606300424585e+00 5.473952768661422219e+00
9.264214778934386274e+00 1.189294617606898896e+01
9.986028656617738974e+00 1.172324313139621310e+01
1.122646384318285939e+01 1.169278080255904406e+01
1.203454492840704226e+01 1.335802033984650095e+01
1.250265852268637268e+01 1.320324047705251935e+01
1.305505937185374421e+01 1.330878073623908797e+01
1.415837615319435905e+01 1.477518253431565576e+01
1.542335462594605211e+01 1.488290267746993223e+01
1.695819996233510096e+01 1.564172003613225215e+01
1.837011499034226247e+01 1.649671055420208532e+01
1.912066407554265979e+01 1.613555605763157530e+01
1.999410332626469611e+01 1.607164274495891121e+01
2.098743155370696911e+01 1.575690471562356620e+01
2.210133414132528884e+01 1.572534283539215672e+01
2.339896240655422588e+01 1.587274483589117402e+01
2.368613307307796134e+01 1.578407650321526212e+01
2.382705074369182441e+01 1.584481596226381939e+01
2.388087874394087251e+01 1.584559425507696773e+01
2.396929323675037438e+01 1.591209589947511382e+01
2.401984408639861357e+01 1.588758340199207453e+01
2.405088078874684498e+01 1.588898151487300758e+01
2.405918860030278239e+01 1.589360601418885466e+01
2.405918860030278239e+01 1.589360601418885466e+01
2.405918860030278239e+01 1.589360601418885466e+01
2.405918860030278239e+01 1.589360601418885466e+01
2.405918860030278239e+01 1.589360601418885466e+01
2.406026213143037040e+01 1.589316192124304372e+01
2.407073979455454449e+01 1.588638911785382568e+01
2.407073979455454449e+01 1.588638911785382568e+01
2.407073979455454449e+01 1.588638911785382568e+01
2.412294942513224427e+01 1.585352650036477762e+01
2.460139901003327267e+01 1.564173168443214479e+01
2.460139901003327267e+01 1.564173168443214479e+01
2.525363658737948214e+01 1.558225020784411363e+01
2.578420803836248254e+01 1.524290730083586176e+01
2.580540275469924083e+01 1.523023996882488085e+01
2.592008821269425312e+01 1.516745884419771606e+01
2.618329510973011409e+01 1.496988053245260275e+01
2.627734917908264833e+01 1.488745929891240927e+01
2.633753555483892939e+01 1.483282888247560294e+01
2.637106544483458492e+01 1.480326202125963064e+01
2.637523823614768048e+01 1.480540931480829414e+01
2.637523823614768048e+01 1.480540931480829414e+01
2.637523823614768048e+01 1.480540931480829414e+01
2.637760813512369396e+01 1.480398313418881884e+01
2.637760813512369396e+01 1.480398313418881884e+01
2.637760813512369396e+01 1.480398313418881884e+01
2.637786639048870896e+01 1.480417831259751615e+01
2.638053367294639173e+01 1.480185202297241354e+01
