5.913261546355100151e+00
5.913261546355100151e+00
5.913261546355100151e+00
5.913261546355100151e+00
5.913261546355100151e+00
6.459489560591325841e+00
6.459489560591325841e+00
7.496086003225823191e+00
1.127819125174143799e+01
1.127819125174143799e+01
1.373495619024033054e+01
1.373495619024033054e+01
1.595139470599340648e+01
1.662772483348563668e+01
1.741865453263664065e+01
1.741865453263664065e+01
1.741865453263664065e+01
1.741865453263664065e+01
1.741865453263664065e+01
1.741865453263664065e+01
1.741865453263664065e+01
1.741865453263664065e+01
1.741865453263664065e+01
1.741865453263664065e+01
1.741865453263664065e+01
1.741865453263664065e+01
1.741865453263664065e+01
1.741865453263664065e+01
1.741865453263664065e+01
1.741865453263664065e+01
1.741865453263664065e+01
1.741865453263664065e+01
1.741865453263664065e+01
1.741865453263664065e+01
1.741865453263664065e+01
1.749306098582842495e+01
1.749306098582842495e+01
1.749306098582842495e+01
1.749306098582842495e+01
1.749306098582842495e+01
1.749306098582842495e+01
1.749306098582842495e+01
1.749306098582842495e+01
1.749306098582842495e+01
1.749306098582842495e+01
1.749306098582842495e+01
1.749306098582842495e+01
1.749306098582842495e+01
1.749306098582842495e+01
1.749306098582842495e+01
1.749306098582842495e+01
1.749306098582842495e+01
1.749306098582842495e+01
1.749306098582842495e+01
1.749306098582842495e+01
1.749306098582842495e+01
1.749306098582842495e+01
1.749306098582842495e+01
1.749306098582842495e+01
1.749306098582842495e+01
1.749306098582842495e+01
1.749306098582842495e+01
1.749306098582842495e+01
1.749306098582842495e+01
1.749306098582842495e+01
1.749306098582842495e+01
1.749306098582842495e+01
1.749306098582842495e+01
1.749306098582842495e+01
1.749306098582842495e+01
1.749306098582842495e+01
1.749306098582842495e+01
1.749306098582842495e+01
1.749306098582842495e+01
1.749306098582842495e+01
1.749306098582842495e+01
1.749306098582842495e+01
1.749306098582842495e+01
1.749306098582842495e+01
1.749306098582842495e+01
1.749306098582842495e+01
1.749306098582842495e+01
1.749306098582842495e+01
1.749306098582842495e+01
1.749306098582842495e+01
1.749306098582842495e+01
1.749306098582842495e+01
1.749306098582842495e+01
1.749306098582842495e+01
1.749306098582842495e+01
1.749306098582842495e+01
1.749306098582842495e+01
1.749306098582842495e+01
1.749306098582842495e+01
1.749306098582842495e+01
1.749306098582842495e+01
1.749306098582842495e+01
1.749306098582842495e+01
1.749306098582842495e+01
1.749306098582842495e+01
1.749306098582842495e+01
