1.146764110317515417e+01
1.146764110317515417e+01
1.146764110317515417e+01
1.611047424191964694e+01
1.611047424191964694e+01
1.611047424191964694e+01
2.031174116318718603e+01
2.031174116318718603e+01
2.640238702692629147e+01
3.143699644576628671e+01
3.453407899530014902e+01
3.453407899530014902e+01
3.453407899530014902e+01
3.557993941560648921e+01
3.701680690570948684e+01
3.701680690570948684e+01
3.747537523115866520e+01
3.747537523115866520e+01
3.747537523115866520e+01
3.750007295934137375e+01
3.750007295934137375e+01
3.750007295934137375e+01
3.756399534711476207e+01
3.756399534711476207e+01
3.756399534711476207e+01
3.756399534711476207e+01
3.756399534711476207e+01
3.756399534711476207e+01
3.756399534711476207e+01
3.756399534711476207e+01
3.756399534711476207e+01
3.756399534711476207e+01
3.756399534711476207e+01
3.756399534711476207e+01
3.756399534711476207e+01
3.756399534711476207e+01
3.756399534711476207e+01
3.756399534711476207e+01
3.756399534711476207e+01
3.756399534711476207e+01
3.756399534711476207e+01
3.756399534711476207e+01
3.756399534711476207e+01
3.756399534711476207e+01
3.756399534711476207e+01
3.756399534711476207e+01
3.756399534711476207e+01
3.756399534711476207e+01
3.756399534711476207e+01
3.756399534711476207e+01
3.756399534711476207e+01
3.756399534711476207e+01
3.756399534711476207e+01
3.756399534711476207e+01
3.756399534711476207e+01
3.756399534711476207e+01
3.756399534711476207e+01
3.756399534711476207e+01
3.756399534711476207e+01
3.756399534711476207e+01
3.756399534711476207e+01
3.756399534711476207e+01
3.756399534711476207e+01
3.756399534711476207e+01
3.756399534711476207e+01
3.756399534711476207e+01
3.756399534711476207e+01
3.756399534711476207e+01
3.756399534711476207e+01
3.756399534711476207e+01
3.756399534711476207e+01
3.756399534711476207e+01
3.756399534711476207e+01
3.756399534711476207e+01
3.756399534711476207e+01
3.756399534711476207e+01
3.756399534711476207e+01
3.756399534711476207e+01
3.756399534711476207e+01
3.756399534711476207e+01
3.756399534711476207e+01
3.756399534711476207e+01
3.756399534711476207e+01
3.756399534711476207e+01
3.756399534711476207e+01
3.756399534711476207e+01
3.756399534711476207e+01
3.756399534711476207e+01
3.756399534711476207e+01
3.756399534711476207e+01
3.756399534711476207e+01
3.756399534711476207e+01
3.756399534711476207e+01
3.756399534711476207e+01
3.756399534711476207e+01
3.756399534711476207e+01
3.756399534711476207e+01
3.756399534711476207e+01
3.756399534711476207e+01
3.756399534711476207e+01
6.060569192925915161e+01
