1.385594077499900934e+00
1.363700055433987934e+01
1.363700055433987934e+01
1.363700055433987934e+01
1.363700055433987934e+01
1.363700055433987934e+01
1.363700055433987934e+01
1.363700055433987934e+01
1.363700055433987934e+01
1.363700055433987934e+01
1.363700055433987934e+01
1.363700055433987934e+01
1.363700055433987934e+01
1.363700055433987934e+01
1.363700055433987934e+01
1.363700055433987934e+01
1.363700055433987934e+01
1.363700055433987934e+01
1.363700055433987934e+01
1.363700055433987934e+01
1.363700055433987934e+01
1.363700055433987934e+01
1.363700055433987934e+01
1.363700055433987934e+01
1.363700055433987934e+01
1.363700055433987934e+01
1.363700055433987934e+01
1.363700055433987934e+01
1.363700055433987934e+01
1.363700055433987934e+01
1.363700055433987934e+01
1.363700055433987934e+01
1.363700055433987934e+01
1.363700055433987934e+01
1.363700055433987934e+01
1.363700055433987934e+01
1.363700055433987934e+01
1.363700055433987934e+01
1.363700055433987934e+01
1.363700055433987934e+01
1.363700055433987934e+01
2.724209188365000145e+01
2.724209188365000145e+01
2.724209188365000145e+01
2.724209188365000145e+01
2.724209188365000145e+01
2.724209188365000145e+01
2.724209188365000145e+01
2.724209188365000145e+01
2.724209188365000145e+01
2.724209188365000145e+01
2.724209188365000145e+01
2.724209188365000145e+01
2.724209188365000145e+01
2.724209188365000145e+01
2.724209188365000145e+01
2.724209188365000145e+01
2.724209188365000145e+01
2.724209188365000145e+01
2.724209188365000145e+01
2.724209188365000145e+01
2.724209188365000145e+01
2.724209188365000145e+01
2.724209188365000145e+01
2.724209188365000145e+01
2.724209188365000145e+01
2.724209188365000145e+01
2.724209188365000145e+01
2.724209188365000145e+01
2.724209188365000145e+01
2.724209188365000145e+01
2.724209188365000145e+01
2.724209188365000145e+01
2.724209188365000145e+01
2.724209188365000145e+01
2.724209188365000145e+01
2.724209188365000145e+01
2.724209188365000145e+01
2.724209188365000145e+01
2.724209188365000145e+01
2.724209188365000145e+01
2.724209188365000145e+01
2.724209188365000145e+01
2.724209188365000145e+01
2.724209188365000145e+01
2.724209188365000145e+01
2.724209188365000145e+01
2.724209188365000145e+01
2.724209188365000145e+01
2.724209188365000145e+01
2.724209188365000145e+01
2.724209188365000145e+01
2.724209188365000145e+01
2.724209188365000145e+01
2.724209188365000145e+01
2.724209188365000145e+01
2.724209188365000145e+01
2.724209188365000145e+01
2.724209188365000145e+01
2.724209188365000145e+01
2.724209188365000145e+01
