5.225635367058583114e+00
5.225635367058583114e+00
5.225635367058583114e+00
5.225635367058583114e+00
7.148249833401331799e+00
7.148249833401331799e+00
7.148249833401331799e+00
7.148249833401331799e+00
7.148249833401331799e+00
1.291666502442654796e+01
1.291666502442654796e+01
1.333252887724516711e+01
1.333252887724516711e+01
1.536460219608865430e+01
1.626698992316755010e+01
1.626698992316755010e+01
1.694664932279275149e+01
1.713157015629990454e+01
1.747966273978557439e+01
1.747966273978557439e+01
1.747966273978557439e+01
1.747966273978557439e+01
1.747966273978557439e+01
1.747966273978557439e+01
1.747966273978557439e+01
1.747966273978557439e+01
1.747966273978557439e+01
1.749039805106145451e+01
1.749039805106145451e+01
1.749039805106145451e+01
1.749039805106145451e+01
1.749039805106145451e+01
2.024257834320869875e+01
2.024257834320869875e+01
2.676495411667077917e+01
2.871800791289094335e+01
2.871800791289094335e+01
2.900778203552348700e+01
2.957668429041016722e+01
2.957668429041016722e+01
2.957668429041016722e+01
2.957668429041016722e+01
2.959533925468531734e+01
2.959533925468531734e+01
2.959533925468531734e+01
2.959533925468531734e+01
2.959533925468531734e+01
2.959533925468531734e+01
2.959533925468531734e+01
2.959533925468531734e+01
2.959533925468531734e+01
2.959533925468531734e+01
2.959533925468531734e+01
2.959533925468531734e+01
2.959533925468531734e+01
2.959533925468531734e+01
2.959533925468531734e+01
2.959533925468531734e+01
2.959533925468531734e+01
2.959533925468531734e+01
2.959533925468531734e+01
2.961001827632424366e+01
2.961001827632424366e+01
2.961001827632424366e+01
2.961001827632424366e+01
2.961001827632424366e+01
2.961001827632424366e+01
2.961001827632424366e+01
2.961001827632424366e+01
2.961001827632424366e+01
2.961001827632424366e+01
2.961001827632424366e+01
2.961001827632424366e+01
2.961001827632424366e+01
2.961001827632424366e+01
2.961001827632424366e+01
2.961001827632424366e+01
2.961001827632424366e+01
2.961001827632424366e+01
2.961001827632424366e+01
3.398816518216249705e+01
3.505564643989694673e+01
3.505564643989694673e+01
3.611299740117316048e+01
3.617039497742958076e+01
3.693686506788645829e+01
3.739806222500427424e+01
3.739806222500427424e+01
3.744424267980501497e+01
3.755112660671809266e+01
3.755112660671809266e+01
3.755112660671809266e+01
3.756771680274196257e+01
3.756771680274196257e+01
3.756771680274196257e+01
3.756771680274196257e+01
3.756771680274196257e+01
3.757000953438301849e+01
3.757000953438301849e+01
3.757000953438301849e+01
3.757000953438301849e+01
