1.385594077499900934e+00
1.806508161293984394e+00
1.806508161293984394e+00
3.034393079397658788e+00
4.070866793475442336e+00
6.066279894452039301e+00
8.351838947252447909e+00
8.646680827334238373e+00
1.117596724604758762e+01
1.117596724604758762e+01
1.628944381900417326e+01
2.192762171236539714e+01
2.743347326600573766e+01
3.368381945580024706e+01
4.131491915020873051e+01
4.697557606097893768e+01
4.697557606097893768e+01
4.796695797250909976e+01
5.332723111928766002e+01
5.332723111928766002e+01
5.332723111928766002e+01
5.332723111928766002e+01
5.332723111928766002e+01
6.217090497944459315e+01
6.217090497944459315e+01
6.217090497944459315e+01
6.217090497944459315e+01
6.217090497944459315e+01
6.217090497944459315e+01
6.217090497944459315e+01
6.217090497944459315e+01
6.217090497944459315e+01
6.217090497944459315e+01
6.217090497944459315e+01
6.217090497944459315e+01
6.217090497944459315e+01
6.217090497944459315e+01
6.217090497944459315e+01
6.217090497944459315e+01
6.217090497944459315e+01
6.217090497944459315e+01
6.217090497944459315e+01
6.217090497944459315e+01
6.217090497944459315e+01
6.217090497944459315e+01
6.217090497944459315e+01
6.217090497944459315e+01
6.217090497944459315e+01
6.217090497944459315e+01
6.217090497944459315e+01
6.217090497944459315e+01
6.217090497944459315e+01
6.217090497944459315e+01
6.217090497944459315e+01
6.217090497944459315e+01
6.217090497944459315e+01
6.217090497944459315e+01
6.217090497944459315e+01
6.217090497944459315e+01
6.217090497944459315e+01
6.217090497944459315e+01
6.217090497944459315e+01
6.217090497944459315e+01
6.217090497944459315e+01
6.217090497944459315e+01
6.217090497944459315e+01
6.217090497944459315e+01
6.217090497944459315e+01
6.217090497944459315e+01
6.217090497944459315e+01
6.217090497944459315e+01
6.217090497944459315e+01
6.217090497944459315e+01
6.217090497944459315e+01
6.217090497944459315e+01
6.217090497944459315e+01
6.217090497944459315e+01
6.217090497944459315e+01
6.217090497944459315e+01
6.217090497944459315e+01
6.217090497944459315e+01
6.217090497944459315e+01
6.217090497944459315e+01
6.217090497944459315e+01
6.217090497944459315e+01
6.217090497944459315e+01
6.217090497944459315e+01
6.217090497944459315e+01
6.217090497944459315e+01
6.217090497944459315e+01
6.217090497944459315e+01
6.217090497944459315e+01
6.217090497944459315e+01
6.217090497944459315e+01
6.217090497944459315e+01
6.217090497944459315e+01
6.217090497944459315e+01
6.217090497944459315e+01
6.217090497944459315e+01
6.217090497944459315e+01
6.217090497944459315e+01
