3.177572795163625230e+00
3.177572795163625230e+00
3.428317795601723894e+00
3.428317795601723894e+00
3.428317795601723894e+00
3.428317795601723894e+00
3.428317795601723894e+00
5.572801230220589375e+00
8.897110899713984722e+00
1.999760138843623025e+01
2.524494016119529860e+01
2.901988164208396981e+01
2.901988164208396981e+01
3.749477381443939095e+01
3.749477381443939095e+01
3.749477381443939095e+01
3.749477381443939095e+01
3.749477381443939095e+01
3.749477381443939095e+01
3.749477381443939095e+01
3.749477381443939095e+01
3.749477381443939095e+01
3.749477381443939095e+01
3.749477381443939095e+01
3.749477381443939095e+01
3.749477381443939095e+01
3.749477381443939095e+01
3.749477381443939095e+01
3.749477381443939095e+01
3.749477381443939095e+01
3.749477381443939095e+01
3.749477381443939095e+01
3.749477381443939095e+01
3.749477381443939095e+01
3.749477381443939095e+01
3.749477381443939095e+01
6.190550720179265198e+01
6.190550720179265198e+01
6.190550720179265198e+01
6.190550720179265198e+01
6.190550720179265198e+01
6.190550720179265198e+01
6.190550720179265198e+01
6.190550720179265198e+01
6.190550720179265198e+01
6.190550720179265198e+01
6.190550720179265198e+01
6.190550720179265198e+01
6.190550720179265198e+01
6.190550720179265198e+01
6.190550720179265198e+01
6.190550720179265198e+01
6.190550720179265198e+01
6.190550720179265198e+01
6.190550720179265198e+01
6.190550720179265198e+01
6.190550720179265198e+01
6.190550720179265198e+01
6.190550720179265198e+01
6.190550720179265198e+01
6.190550720179265198e+01
6.190550720179265198e+01
6.190550720179265198e+01
6.190550720179265198e+01
6.190550720179265198e+01
6.190550720179265198e+01
6.190550720179265198e+01
6.190550720179265198e+01
6.190550720179265198e+01
6.190550720179265198e+01
6.190550720179265198e+01
6.190550720179265198e+01
6.190550720179265198e+01
6.190550720179265198e+01
6.190550720179265198e+01
6.190550720179265198e+01
6.190550720179265198e+01
6.190550720179265198e+01
6.190550720179265198e+01
6.190550720179265198e+01
6.190550720179265198e+01
6.190550720179265198e+01
6.190550720179265198e+01
6.190550720179265198e+01
6.190550720179265198e+01
6.190550720179265198e+01
6.190550720179265198e+01
6.190550720179265198e+01
6.190550720179265198e+01
6.190550720179265198e+01
6.190550720179265198e+01
6.190550720179265198e+01
6.190550720179265198e+01
6.190550720179265198e+01
6.190550720179265198e+01
6.190550720179265198e+01
6.190550720179265198e+01
6.190550720179265198e+01
6.190550720179265198e+01
6.190550720179265198e+01
6.190550720179265198e+01
