5.546469365627572756e+00
5.546469365627572756e+00
5.546469365627572756e+00
7.374696237064366500e+00
7.374696237064366500e+00
7.374696237064366500e+00
8.153380650380212202e+00
8.153380650380212202e+00
9.144903072079801021e+00
9.144903072079801021e+00
9.144903072079801021e+00
1.205540345532707214e+01
1.368997706954950289e+01
1.368997706954950289e+01
1.539363280367536291e+01
1.672656754520216893e+01
1.705340875682007251e+01
1.705340875682007251e+01
1.705340875682007251e+01
1.705340875682007251e+01
1.743703059827773671e+01
1.743703059827773671e+01
1.745618632606372245e+01
1.745618632606372245e+01
1.745618632606372245e+01
1.745618632606372245e+01
1.745618632606372245e+01
1.745618632606372245e+01
1.745618632606372245e+01
1.745618632606372245e+01
1.745618632606372245e+01
1.745618632606372245e+01
1.745618632606372245e+01
1.745618632606372245e+01
1.745618632606372245e+01
1.749212402921520138e+01
1.749212402921520138e+01
1.749212402921520138e+01
1.749212402921520138e+01
1.749212402921520138e+01
1.749212402921520138e+01
1.749212402921520138e+01
1.749212402921520138e+01
1.749212402921520138e+01
1.749212402921520138e+01
1.749212402921520138e+01
1.749212402921520138e+01
1.749212402921520138e+01
1.749212402921520138e+01
1.749212402921520138e+01
1.749212402921520138e+01
1.749212402921520138e+01
1.749212402921520138e+01
1.749212402921520138e+01
1.749212402921520138e+01
1.749212402921520138e+01
1.749212402921520138e+01
1.749212402921520138e+01
1.749212402921520138e+01
1.749212402921520138e+01
1.749212402921520138e+01
1.749212402921520138e+01
1.749212402921520138e+01
1.749212402921520138e+01
1.749212402921520138e+01
1.749212402921520138e+01
1.749212402921520138e+01
1.749212402921520138e+01
1.749212402921520138e+01
1.749212402921520138e+01
1.749212402921520138e+01
1.749212402921520138e+01
1.749212402921520138e+01
1.749212402921520138e+01
1.749212402921520138e+01
1.749212402921520138e+01
1.749212402921520138e+01
1.749212402921520138e+01
1.749212402921520138e+01
1.749212402921520138e+01
1.749212402921520138e+01
1.749212402921520138e+01
1.749212402921520138e+01
1.749212402921520138e+01
1.749212402921520138e+01
1.749212402921520138e+01
1.749212402921520138e+01
1.749212402921520138e+01
1.749212402921520138e+01
1.749212402921520138e+01
1.749212402921520138e+01
1.749212402921520138e+01
1.749212402921520138e+01
1.749212402921520138e+01
1.749212402921520138e+01
1.749212402921520138e+01
1.749212402921520138e+01
1.749212402921520138e+01
1.749212402921520138e+01
1.749212402921520138e+01
1.749212402921520138e+01
