2.155724634210520918e+01
4.412087806844483850e+01
4.412087806844483850e+01
4.412087806844483850e+01
5.027907445434392031e+01
5.027907445434392031e+01
5.027907445434392031e+01
5.588132728714366948e+01
5.588132728714366948e+01
5.827494790365756216e+01
6.086414859418501777e+01
6.092755058493871445e+01
6.213049156745396573e+01
6.213049156745396573e+01
6.213049156745396573e+01
6.213049156745396573e+01
6.217234137178839859e+01
6.217234137178839859e+01
6.217234137178839859e+01
6.217234137178839859e+01
6.217234137178839859e+01
6.217234137178839859e+01
6.217234137178839859e+01
6.217234137178839859e+01
6.217234137178839859e+01
6.217234137178839859e+01
6.217234137178839859e+01
6.217234137178839859e+01
6.217234137178839859e+01
6.217234137178839859e+01
6.217234137178839859e+01
6.217234137178839859e+01
6.217234137178839859e+01
6.217234137178839859e+01
6.217234137178839859e+01
6.217234137178839859e+01
6.217234137178839859e+01
6.217234137178839859e+01
6.217234137178839859e+01
6.217234137178839859e+01
6.217234137178839859e+01
6.217234137178839859e+01
6.217234137178839859e+01
6.217234137178839859e+01
6.217234137178839859e+01
6.217234137178839859e+01
6.217234137178839859e+01
6.217234137178839859e+01
6.217234137178839859e+01
6.217234137178839859e+01
6.217234137178839859e+01
6.217234137178839859e+01
6.217234137178839859e+01
6.217234137178839859e+01
6.217234137178839859e+01
6.217234137178839859e+01
6.217234137178839859e+01
6.217234137178839859e+01
6.217234137178839859e+01
6.217234137178839859e+01
6.217234137178839859e+01
6.217234137178839859e+01
6.217234137178839859e+01
6.217234137178839859e+01
6.217234137178839859e+01
6.217234137178839859e+01
6.217234137178839859e+01
6.217234137178839859e+01
6.217234137178839859e+01
6.217234137178839859e+01
6.217234137178839859e+01
6.217234137178839859e+01
6.217234137178839859e+01
6.217234137178839859e+01
6.217234137178839859e+01
6.217234137178839859e+01
6.217234137178839859e+01
6.217234137178839859e+01
6.217234137178839859e+01
6.217234137178839859e+01
6.217234137178839859e+01
6.217234137178839859e+01
6.217234137178839859e+01
6.217234137178839859e+01
6.217234137178839859e+01
6.217234137178839859e+01
6.217234137178839859e+01
6.217234137178839859e+01
6.217234137178839859e+01
6.217234137178839859e+01
6.217234137178839859e+01
6.217234137178839859e+01
6.217234137178839859e+01
6.217234137178839859e+01
6.217234137178839859e+01
6.217234137178839859e+01
6.217234137178839859e+01
6.217234137178839859e+01
6.217234137178839859e+01
6.217234137178839859e+01
6.217234137178839859e+01
