5.225635367058583114e+00
5.225635367058583114e+00
5.225635367058583114e+00
5.225635367058583114e+00
5.935039117325220381e+00
5.935039117325220381e+00
5.935039117325220381e+00
5.935039117325220381e+00
5.935039117325220381e+00
5.935039117325220381e+00
5.935039117325220381e+00
5.935039117325220381e+00
5.935039117325220381e+00
5.935039117325220381e+00
5.935039117325220381e+00
2.288177218530370638e+01
2.288177218530370638e+01
2.288177218530370638e+01
2.288177218530370638e+01
2.288177218530370638e+01
2.288177218530370638e+01
2.288177218530370638e+01
2.288177218530370638e+01
2.288177218530370638e+01
2.288177218530370638e+01
2.288177218530370638e+01
2.288177218530370638e+01
2.288177218530370638e+01
2.288177218530370638e+01
2.288177218530370638e+01
2.288177218530370638e+01
2.288177218530370638e+01
2.288177218530370638e+01
2.288177218530370638e+01
2.288177218530370638e+01
2.288177218530370638e+01
2.288177218530370638e+01
2.288177218530370638e+01
2.288177218530370638e+01
2.288177218530370638e+01
2.288177218530370638e+01
2.288177218530370638e+01
2.288177218530370638e+01
2.288177218530370638e+01
2.288177218530370638e+01
2.288177218530370638e+01
2.288177218530370638e+01
2.288177218530370638e+01
2.288177218530370638e+01
2.288177218530370638e+01
2.288177218530370638e+01
2.288177218530370638e+01
2.288177218530370638e+01
2.288177218530370638e+01
2.288177218530370638e+01
2.288177218530370638e+01
2.288177218530370638e+01
2.288177218530370638e+01
2.288177218530370638e+01
2.288177218530370638e+01
2.288177218530370638e+01
2.288177218530370638e+01
2.288177218530370638e+01
2.288177218530370638e+01
2.288177218530370638e+01
2.288177218530370638e+01
2.288177218530370638e+01
2.288177218530370638e+01
2.288177218530370638e+01
2.288177218530370638e+01
2.288177218530370638e+01
2.288177218530370638e+01
2.288177218530370638e+01
2.288177218530370638e+01
2.288177218530370638e+01
2.288177218530370638e+01
2.288177218530370638e+01
2.288177218530370638e+01
2.288177218530370638e+01
2.288177218530370638e+01
2.288177218530370638e+01
2.288177218530370638e+01
2.288177218530370638e+01
2.288177218530370638e+01
2.288177218530370638e+01
2.288177218530370638e+01
2.288177218530370638e+01
2.288177218530370638e+01
2.288177218530370638e+01
2.288177218530370638e+01
2.288177218530370638e+01
2.288177218530370638e+01
2.288177218530370638e+01
2.288177218530370638e+01
2.288177218530370638e+01
2.288177218530370638e+01
2.288177218530370638e+01
2.288177218530370638e+01
2.288177218530370638e+01
2.288177218530370638e+01
2.288177218530370638e+01
