3.239893992040925319e+00
3.239893992040925319e+00
1.205413106517304378e+01
1.422334480982970106e+01
1.422334480982970106e+01
1.422334480982970106e+01
1.624568495306445826e+01
1.624568495306445826e+01
1.624568495306445826e+01
1.710088640705701479e+01
1.710088640705701479e+01
2.699962163570199536e+01
2.699962163570199536e+01
2.915719604906691131e+01
2.915719604906691131e+01
3.671333186792966075e+01
3.671333186792966075e+01
3.671333186792966075e+01
3.671333186792966075e+01
3.671333186792966075e+01
3.756910736301558273e+01
3.756910736301558273e+01
3.756910736301558273e+01
3.756910736301558273e+01
3.756910736301558273e+01
3.756910736301558273e+01
3.756910736301558273e+01
3.756910736301558273e+01
3.756910736301558273e+01
3.756910736301558273e+01
3.756910736301558273e+01
3.756910736301558273e+01
3.756910736301558273e+01
3.756910736301558273e+01
3.756910736301558273e+01
5.966497632847872978e+01
5.966497632847872978e+01
5.966497632847872978e+01
5.966497632847872978e+01
5.966497632847872978e+01
5.966497632847872978e+01
5.966497632847872978e+01
5.966497632847872978e+01
5.966497632847872978e+01
6.215408615087593347e+01
6.215408615087593347e+01
6.215408615087593347e+01
6.215408615087593347e+01
6.215408615087593347e+01
6.215408615087593347e+01
6.215408615087593347e+01
6.215408615087593347e+01
6.215408615087593347e+01
6.215408615087593347e+01
6.215408615087593347e+01
6.215408615087593347e+01
6.215408615087593347e+01
6.215408615087593347e+01
6.215408615087593347e+01
6.215408615087593347e+01
6.215408615087593347e+01
6.215408615087593347e+01
6.215408615087593347e+01
6.215408615087593347e+01
6.215408615087593347e+01
6.215408615087593347e+01
6.215408615087593347e+01
6.215408615087593347e+01
6.215408615087593347e+01
6.215408615087593347e+01
6.215408615087593347e+01
6.215408615087593347e+01
6.215408615087593347e+01
6.215408615087593347e+01
6.215408615087593347e+01
6.215408615087593347e+01
6.215408615087593347e+01
6.215408615087593347e+01
6.215408615087593347e+01
6.215408615087593347e+01
6.215408615087593347e+01
6.215408615087593347e+01
6.215408615087593347e+01
6.215408615087593347e+01
6.215408615087593347e+01
6.215408615087593347e+01
6.215408615087593347e+01
6.215408615087593347e+01
6.215408615087593347e+01
6.215408615087593347e+01
6.215408615087593347e+01
6.215408615087593347e+01
6.215408615087593347e+01
6.215408615087593347e+01
6.215408615087593347e+01
6.215408615087593347e+01
6.215408615087593347e+01
6.215408615087593347e+01
6.215408615087593347e+01
6.215408615087593347e+01
6.215408615087593347e+01
