5.913261546355100151e+00
5.913261546355100151e+00
5.913261546355100151e+00
1.206976759123480036e+01
1.858155049125189251e+01
2.512445371531726224e+01
3.579047535709339201e+01
3.579047535709339201e+01
3.730602245964925601e+01
3.730602245964925601e+01
3.730602245964925601e+01
3.730602245964925601e+01
3.730602245964925601e+01
3.730602245964925601e+01
3.730602245964925601e+01
3.730602245964925601e+01
3.747653487458947552e+01
3.747653487458947552e+01
3.747653487458947552e+01
3.747653487458947552e+01
3.747653487458947552e+01
3.747653487458947552e+01
5.611631100544659745e+01
6.205706545957096409e+01
6.205706545957096409e+01
6.205706545957096409e+01
6.205706545957096409e+01
6.205706545957096409e+01
6.205706545957096409e+01
6.205706545957096409e+01
6.205706545957096409e+01
6.205706545957096409e+01
6.205706545957096409e+01
6.205706545957096409e+01
6.205706545957096409e+01
6.205706545957096409e+01
6.205706545957096409e+01
6.205706545957096409e+01
6.205706545957096409e+01
6.205706545957096409e+01
6.205706545957096409e+01
6.205706545957096409e+01
6.205706545957096409e+01
6.205706545957096409e+01
6.205706545957096409e+01
6.205706545957096409e+01
6.205706545957096409e+01
6.205706545957096409e+01
6.205706545957096409e+01
6.205706545957096409e+01
6.205706545957096409e+01
6.205706545957096409e+01
6.205706545957096409e+01
6.205706545957096409e+01
6.205706545957096409e+01
6.205706545957096409e+01
6.205706545957096409e+01
6.205706545957096409e+01
6.205706545957096409e+01
6.205706545957096409e+01
6.205706545957096409e+01
6.205706545957096409e+01
6.205706545957096409e+01
6.205706545957096409e+01
6.205706545957096409e+01
6.205706545957096409e+01
6.205706545957096409e+01
6.205706545957096409e+01
6.205706545957096409e+01
6.205706545957096409e+01
6.205706545957096409e+01
6.205706545957096409e+01
6.205706545957096409e+01
6.205706545957096409e+01
6.205706545957096409e+01
6.205706545957096409e+01
6.205706545957096409e+01
6.205706545957096409e+01
6.205706545957096409e+01
6.205706545957096409e+01
6.205706545957096409e+01
6.205706545957096409e+01
6.205706545957096409e+01
6.205706545957096409e+01
6.205706545957096409e+01
6.205706545957096409e+01
6.205706545957096409e+01
6.205706545957096409e+01
6.205706545957096409e+01
6.205706545957096409e+01
6.205706545957096409e+01
6.205706545957096409e+01
6.205706545957096409e+01
6.205706545957096409e+01
6.205706545957096409e+01
6.205706545957096409e+01
6.205706545957096409e+01
6.205706545957096409e+01
6.205706545957096409e+01
6.205706545957096409e+01
6.205706545957096409e+01
