2.155724634210520918e+01
2.477246056765632432e+01
2.477246056765632432e+01
2.477246056765632432e+01
3.592895842470475998e+01
4.870424280088034408e+01
5.804676991721850499e+01
5.804676991721850499e+01
6.147783769169848966e+01
6.147783769169848966e+01
6.147783769169848966e+01
6.147783769169848966e+01
6.147783769169848966e+01
6.147783769169848966e+01
6.147783769169848966e+01
6.147783769169848966e+01
6.147783769169848966e+01
6.147783769169848966e+01
6.147783769169848966e+01
6.147783769169848966e+01
6.147783769169848966e+01
6.147783769169848966e+01
6.147783769169848966e+01
6.147783769169848966e+01
6.147783769169848966e+01
6.147783769169848966e+01
6.147783769169848966e+01
6.217835685675924395e+01
6.217835685675924395e+01
6.217835685675924395e+01
6.217835685675924395e+01
6.217835685675924395e+01
6.217835685675924395e+01
6.217835685675924395e+01
6.217835685675924395e+01
6.217835685675924395e+01
6.217835685675924395e+01
6.217835685675924395e+01
6.217835685675924395e+01
6.217835685675924395e+01
6.217835685675924395e+01
6.217835685675924395e+01
6.217835685675924395e+01
6.217835685675924395e+01
6.217835685675924395e+01
6.217835685675924395e+01
6.217835685675924395e+01
6.217835685675924395e+01
6.217835685675924395e+01
6.217835685675924395e+01
6.217835685675924395e+01
6.217835685675924395e+01
6.217835685675924395e+01
6.217835685675924395e+01
6.217835685675924395e+01
6.217835685675924395e+01
6.217835685675924395e+01
6.217835685675924395e+01
6.217835685675924395e+01
6.217835685675924395e+01
6.217835685675924395e+01
6.217835685675924395e+01
6.217835685675924395e+01
6.217835685675924395e+01
6.217835685675924395e+01
6.217835685675924395e+01
6.217835685675924395e+01
6.217835685675924395e+01
6.217835685675924395e+01
6.217835685675924395e+01
6.217835685675924395e+01
6.217835685675924395e+01
6.217835685675924395e+01
6.217835685675924395e+01
6.217835685675924395e+01
6.217835685675924395e+01
6.217835685675924395e+01
6.217835685675924395e+01
6.217835685675924395e+01
6.217835685675924395e+01
6.217835685675924395e+01
6.217835685675924395e+01
6.217835685675924395e+01
6.217835685675924395e+01
6.217835685675924395e+01
6.217835685675924395e+01
6.217835685675924395e+01
6.217835685675924395e+01
6.217835685675924395e+01
6.217835685675924395e+01
6.217835685675924395e+01
6.217835685675924395e+01
6.217835685675924395e+01
6.217835685675924395e+01
6.217835685675924395e+01
6.217835685675924395e+01
6.217835685675924395e+01
6.217835685675924395e+01
6.217835685675924395e+01
6.217835685675924395e+01
6.217835685675924395e+01
