1.146764110317515417e+01
1.146764110317515417e+01
1.162278806547601206e+01
1.162278806547601206e+01
1.162278806547601206e+01
1.162278806547601206e+01
1.162278806547601206e+01
1.196354151310168668e+01
1.196354151310168668e+01
1.196354151310168668e+01
1.196354151310168668e+01
1.196354151310168668e+01
1.196354151310168668e+01
1.196354151310168668e+01
1.473543202915548278e+01
1.473543202915548278e+01
1.473543202915548278e+01
1.473543202915548278e+01
1.473543202915548278e+01
1.473543202915548278e+01
1.473543202915548278e+01
1.473543202915548278e+01
1.473543202915548278e+01
1.473543202915548278e+01
1.473543202915548278e+01
1.473543202915548278e+01
1.473543202915548278e+01
1.473543202915548278e+01
1.473543202915548278e+01
1.473543202915548278e+01
1.473543202915548278e+01
1.473543202915548278e+01
1.473543202915548278e+01
1.473543202915548278e+01
1.473543202915548278e+01
1.473543202915548278e+01
1.473543202915548278e+01
1.473543202915548278e+01
1.473543202915548278e+01
1.473543202915548278e+01
1.473543202915548278e+01
1.473543202915548278e+01
1.473543202915548278e+01
1.473543202915548278e+01
1.473543202915548278e+01
1.473543202915548278e+01
1.473543202915548278e+01
1.473543202915548278e+01
1.473543202915548278e+01
1.473543202915548278e+01
1.473543202915548278e+01
1.473543202915548278e+01
1.473543202915548278e+01
1.473543202915548278e+01
1.473543202915548278e+01
1.473543202915548278e+01
1.473543202915548278e+01
1.473543202915548278e+01
1.473543202915548278e+01
1.473543202915548278e+01
1.473543202915548278e+01
1.473543202915548278e+01
1.473543202915548278e+01
1.473543202915548278e+01
1.473543202915548278e+01
1.473543202915548278e+01
1.473543202915548278e+01
1.473543202915548278e+01
1.473543202915548278e+01
1.473543202915548278e+01
1.473543202915548278e+01
1.473543202915548278e+01
1.473543202915548278e+01
1.473543202915548278e+01
1.473543202915548278e+01
1.953024801494609619e+01
1.953024801494609619e+01
1.953024801494609619e+01
1.953024801494609619e+01
1.953024801494609619e+01
1.953024801494609619e+01
1.953024801494609619e+01
1.953024801494609619e+01
1.953024801494609619e+01
1.953024801494609619e+01
1.953024801494609619e+01
1.953024801494609619e+01
1.953024801494609619e+01
1.953024801494609619e+01
1.953024801494609619e+01
1.953024801494609619e+01
1.953024801494609619e+01
1.953024801494609619e+01
1.953024801494609619e+01
1.953024801494609619e+01
1.953024801494609619e+01
1.953024801494609619e+01
1.953024801494609619e+01
1.953024801494609619e+01
1.953024801494609619e+01
1.953024801494609619e+01
