2.638337172891284110e-01
3.179120044453913607e-01
3.179120044453913607e-01
3.179120044453913607e-01
3.181524599140866938e-01
3.195706279849442888e-01
3.195706279849442888e-01
3.200366188283123581e-01
3.203089960009780635e-01
3.203089960009780635e-01
3.203089960009780635e-01
3.203089960009780635e-01
3.203089960009780635e-01
3.204028170657766683e-01
3.204957087166240282e-01
3.204957087166240282e-01
3.204957087166240282e-01
3.204957087166240282e-01
3.204957087166240282e-01
3.204957087166240282e-01
3.204957087166240282e-01
3.204957087166240282e-01
3.204957087166240282e-01
3.206113413067595008e-01
3.206160953012642256e-01
3.206187182875424035e-01
3.206187182875424035e-01
3.206187182875424035e-01
3.206187182875424035e-01
3.206187182875424035e-01
3.206187182875424035e-01
3.206319996820429230e-01
3.206372798662799894e-01
3.206376737398493049e-01
3.206416074001006145e-01
3.206460269341255831e-01
3.206460269341255831e-01
3.206460269341255831e-01
3.206460269341255831e-01
3.206460269341255831e-01
3.206460269341255831e-01
