-5.891215649354494821e-02
-5.891215649354494821e-02
-5.891215649354494821e-02
-5.891215649354494821e-02
-5.891215649354494821e-02
-5.891215649354494821e-02
-5.891215649354494821e-02
-5.891215649354494821e-02
-5.891215649354494821e-02
-5.289536068796982238e-02
-5.289536068796982238e-02
-5.289536068796982238e-02
-5.289536068796982238e-02
-5.289536068796982238e-02
-5.289536068796982238e-02
-5.289536068796982238e-02
-5.289536068796982238e-02
-5.289536068796982238e-02
-5.289536068796982238e-02
-5.289536068796982238e-02
-5.289536068796982238e-02
-5.289536068796982238e-02
-5.289536068796982238e-02
-5.289536068796982238e-02
-4.017471004653597189e-02
-4.017471004653597189e-02
-4.017471004653597189e-02
-4.017471004653597189e-02
-4.017471004653597189e-02
-4.017471004653597189e-02
-4.017471004653597189e-02
-4.017471004653597189e-02
-4.017471004653597189e-02
-4.017471004653597189e-02
-3.856141105968596827e-02
-3.856141105968596827e-02
-3.856141105968596827e-02
-3.856141105968596827e-02
-3.856141105968596827e-02
-3.856141105968596827e-02
-3.856141105968596827e-02
-3.856141105968596827e-02
-3.856141105968596827e-02
-3.856141105968596827e-02
-3.468854273176935621e-02
-3.468854273176935621e-02
-3.468854273176935621e-02
-3.468854273176935621e-02
-3.468854273176935621e-02
-3.468854273176935621e-02
-3.468854273176935621e-02
-3.468854273176935621e-02
-3.468854273176935621e-02
-3.468854273176935621e-02
-3.468854273176935621e-02
