2.943430934651969366e-01
3.181525777692697510e-01
3.181525777692697510e-01
3.204409816718923887e-01
3.204409816718923887e-01
3.204409816718923887e-01
3.204409816718923887e-01
3.204409816718923887e-01
3.204409816718923887e-01
3.204409816718923887e-01
3.204859897718570494e-01
3.204859897718570494e-01
3.205545069224825516e-01
3.205702499171844133e-01
3.205702499171844133e-01
3.205702499171844133e-01
3.205702499171844133e-01
3.205702499171844133e-01
3.205702499171844133e-01
3.205805947306679116e-01
3.205805947306679116e-01
3.205805947306679116e-01
3.205805947306679116e-01
3.205805947306679116e-01
3.205805947306679116e-01
3.205805947306679116e-01
3.205805947306679116e-01
3.205805947306679116e-01
3.205805947306679116e-01
3.205805947306679116e-01
3.205958380208909775e-01
3.205958380208909775e-01
