2.824159026611231527e-01
3.180937311112479460e-01
3.180937311112479460e-01
3.181446569723384021e-01
3.181446569723384021e-01
3.181446569723384021e-01
3.203676072212547910e-01
3.203676072212547910e-01
3.203676072212547910e-01
3.204703499026420044e-01
3.204703499026420044e-01
3.204703499026420044e-01
3.204703499026420044e-01
3.204703499026420044e-01
3.204703499026420044e-01
3.204703499026420044e-01
3.205675677197564744e-01
3.205675677197564744e-01
3.205675677197564744e-01
3.206424000972036836e-01
3.206424000972036836e-01
3.206424000972036836e-01
3.206424000972036836e-01
3.206424000972036836e-01
3.206540224273870532e-01
3.206601655376927207e-01
3.206607559523642070e-01
3.206607559523642070e-01
3.206607559523642070e-01
3.206607559523642070e-01
3.206631735173393061e-01
3.206643403222723121e-01
3.206664558286330680e-01
3.206664558286330680e-01
3.206664558286330680e-01
3.206664558286330680e-01
3.206664558286330680e-01
3.206674229901520512e-01
3.206683894234210186e-01
3.206683894234210186e-01
3.206683894234210186e-01
3.206683894234210186e-01
3.206683894234210186e-01
3.206683894234210186e-01
3.206683894234210186e-01
3.206683894234210186e-01
3.206698673807274469e-01
3.206698673807274469e-01
3.206698673807274469e-01
3.206698673807274469e-01
3.206698673807274469e-01
3.206698673807274469e-01
3.206698673807274469e-01
3.206698673807274469e-01
3.206698673807274469e-01
3.206698673807274469e-01
3.206698673807274469e-01
3.206698673807274469e-01
3.206698673807274469e-01
3.206698673807274469e-01
