-7.056822291717672335e-02
-5.244544877753395951e-02
-4.711820028088264944e-02
-4.151584739211285069e-02
-4.065194812833823612e-02
-3.886942637978865744e-02
-3.886942637978865744e-02
-3.886942637978865744e-02
-3.886942637978865744e-02
-3.886942637978865744e-02
-3.724895615510516456e-02
-3.724895615510516456e-02
-3.724895615510516456e-02
-3.724895615510516456e-02
-3.724895615510516456e-02
-3.724895615510516456e-02
-3.724895615510516456e-02
-3.724895615510516456e-02
-3.724895615510516456e-02
-3.724895615510516456e-02
-3.724895615510516456e-02
-3.724895615510516456e-02
-3.724895615510516456e-02
