2.638337172891284110e-01
2.638337172891284110e-01
2.789658129739110981e-01
3.128570105007802971e-01
3.148305297789042445e-01
3.174860856848000790e-01
3.179457417117257378e-01
3.179457417117257378e-01
3.179457417117257378e-01
3.179457417117257378e-01
3.179457417117257378e-01
3.179457417117257378e-01
3.179457417117257378e-01
3.179457417117257378e-01
3.179457417117257378e-01
3.179457417117257378e-01
3.179457417117257378e-01
3.180725601030929273e-01
3.180725601030929273e-01
3.180725601030929273e-01
3.188589671151280669e-01
3.188589671151280669e-01
3.188589671151280669e-01
3.188589671151280669e-01
3.188589671151280669e-01
3.188589671151280669e-01
3.188589671151280669e-01
3.188589671151280669e-01
3.188589671151280669e-01
3.188589671151280669e-01
3.188589671151280669e-01
3.188589671151280669e-01
3.188589671151280669e-01
3.188589671151280669e-01
3.188589671151280669e-01
3.188589671151280669e-01
3.188589671151280669e-01
3.188589671151280669e-01
3.188589671151280669e-01
3.188589671151280669e-01
3.188589671151280669e-01
