-5.576631525295489000e-02 1.599903917823978367e-02
-4.795307688972474947e-02 7.456490718884088188e-03
-4.363777009074515378e-02 6.838965437934120192e-03
-3.888573913667543736e-02 5.204954754609198396e-03
-3.689537727346923340e-02 4.137677323265084167e-03
-3.634927109423644748e-02 3.617644060440058061e-03
-3.608227203207135803e-02 3.610161973325798617e-03
-3.525945231071201530e-02 4.352239932281342337e-03
-3.455530850503428508e-02 4.219690238439137257e-03
-3.345357625098286519e-02 4.556495266813579727e-03
-3.328445528519356766e-02 4.395818076824786237e-03
-3.291107209726771426e-02 4.289597575436954191e-03
-3.142023615981078682e-02 4.520868439389424953e-03
-3.142023615981078682e-02 4.520868439389424953e-03
-3.124663838458182144e-02 4.455955662318226464e-03
-3.115181886665301450e-02 4.347874104232613696e-03
-3.088860384945967680e-02 4.129259878084765197e-03
-3.044251440490396490e-02 4.095948915027004117e-03
-3.044251440490396490e-02 4.095948915027004117e-03
-3.044251440490396490e-02 4.095948915027004117e-03
-3.044251440490396490e-02 4.095948915027004117e-03
-3.023505133668753092e-02 4.220199781994629640e-03
-3.023505133668753092e-02 4.220199781994629640e-03
-3.016654593162485659e-02 4.249336186503863827e-03
-3.016654593162485659e-02 4.249336186503863827e-03
-3.014028323386978153e-02 4.263081273557782491e-03
-3.013789514003609865e-02 4.259744676495463150e-03
-3.013789514003609865e-02 4.259744676495463150e-03
-3.013789514003609865e-02 4.259744676495463150e-03
-2.948258282904424668e-02 3.725861651661042419e-03
-2.947945701195373025e-02 3.727986826066601814e-03
-2.947706016169415744e-02 3.729631542849192859e-03
-2.938919747432088350e-02 3.778265859857236030e-03
-2.938360683827860934e-02 3.781572794221476751e-03
-2.933484780842152834e-02 3.778721088224998997e-03
-2.933484780842152834e-02 3.778721088224998997e-03
-2.933484780842152834e-02 3.778721088224998997e-03
-2.926755742115860065e-02 3.784079865159848365e-03
-2.926755742115860065e-02 3.784079865159848365e-03
-2.924960365486376987e-02 3.794922928169483164e-03
-2.924920314626850565e-02 3.795180736720455469e-03
-2.924067167497308023e-02 3.800527210540755128e-03
-2.924067167497308023e-02 3.800527210540755128e-03
-2.923267931393399091e-02 3.805560384453815070e-03
-2.923267931393399091e-02 3.805560384453815070e-03
-2.923267931393399091e-02 3.805560384453815070e-03
-2.923267931393399091e-02 3.805560384453815070e-03
-2.908491716725479168e-02 3.853240646876070468e-03
-2.906554135679843484e-02 3.863182027950156673e-03
-2.906285697313457789e-02 3.864540277522028004e-03
