-7.056822291754699661e-02
-4.579571634795191748e-02
-3.901147275356250943e-02
-3.901147275356250943e-02
-3.901147275356250943e-02
-3.901147275356250943e-02
-3.901147275356250943e-02
-3.901147275356250943e-02
-3.901147275356250943e-02
-3.901147275356250943e-02
-2.847232127713569816e-02
-2.785673025032221750e-02
-2.683238205927898634e-02
-2.683238205927898634e-02
-2.683238205927898634e-02
-2.683238205927898634e-02
-2.683238205927898634e-02
-2.683238205927898634e-02
-2.683238205927898634e-02
-2.683238205927898634e-02
-2.683238205927898634e-02
-2.683238205927898634e-02
