-7.056822291717672335e-02
-6.926896176956608142e-02
-6.926896176956608142e-02
-6.926896176956608142e-02
-6.926896176956608142e-02
-6.926896176956608142e-02
-6.926896176956608142e-02
-5.991278063134919396e-02
-5.991278063134919396e-02
-5.733143270338635078e-02
-5.733143270338635078e-02
-5.733143270338635078e-02
-5.733143270338635078e-02
-5.733143270338635078e-02
-5.733143270338635078e-02
-5.733143270338635078e-02
-5.733143270338635078e-02
-3.049928499402128346e-02
-3.049928499402128346e-02
-3.049928499402128346e-02
-3.049928499402128346e-02
-3.049928499402128346e-02
-3.049928499402128346e-02
