-3.879997982249386301e-02
-3.879997982249386301e-02
-3.879997982249386301e-02
-3.879997982249386301e-02
-3.879997982249386301e-02
-3.879997982249386301e-02
-3.879997982249386301e-02
-3.879997982249386301e-02
-3.879997982249386301e-02
-3.879997982249386301e-02
-3.879997982249386301e-02
-3.879997982249386301e-02
-3.879997982249386301e-02
-3.879997982249386301e-02
-3.879997982249386301e-02
-3.879997982249386301e-02
-3.879997982249386301e-02
-3.879997982249386301e-02
-3.879997982249386301e-02
-3.879997982249386301e-02
-3.879997982249386301e-02
-3.879997982249386301e-02
-3.879997982249386301e-02
-3.879997982249386301e-02
-3.879997982249386301e-02
-3.879997982249386301e-02
-3.879997982249386301e-02
-3.879997982249386301e-02
-3.879997982249386301e-02
-3.879997982249386301e-02
-3.879997982249386301e-02
-3.879997982249386301e-02
-3.879997982249386301e-02
-3.879997982249386301e-02
-3.879997982249386301e-02
-3.879997982249386301e-02
-3.879997982249386301e-02
-3.879997982249386301e-02
-3.879997982249386301e-02
-3.879997982249386301e-02
-3.879997982249386301e-02
-3.879997982249386301e-02
-3.879997982249386301e-02
-3.879997982249386301e-02
-3.879997982249386301e-02
-3.879997982249386301e-02
-3.879997982249386301e-02
-3.879997982249386301e-02
-3.879997982249386301e-02
-3.879997982249386301e-02
-3.879997982249386301e-02
-3.879997982249386301e-02
-3.879997982249386301e-02
-3.879997982249386301e-02
-3.879997982249386301e-02
-3.879997982249386301e-02
-3.879997982249386301e-02
-3.879997982249386301e-02
-3.879997982249386301e-02
-3.879997982249386301e-02
-3.879997982249386301e-02
-3.879997982249386301e-02
-3.879997982249386301e-02
-3.879997982249386301e-02
-3.879997982249386301e-02
-3.879997982249386301e-02
-3.879997982249386301e-02
-3.879997982249386301e-02
-3.879997982249386301e-02
-3.879997982249386301e-02
-3.879997982249386301e-02
-3.879997982249386301e-02
-3.879997982249386301e-02
-3.879997982249386301e-02
-3.879997982249386301e-02
-3.879997982249386301e-02
