2.638337172891284110e-01
3.054226417879253308e-01
3.054226417879253308e-01
3.054226417879253308e-01
3.054226417879253308e-01
3.054226417879253308e-01
3.054226417879253308e-01
3.054226417879253308e-01
3.054226417879253308e-01
3.054226417879253308e-01
3.054226417879253308e-01
3.054226417879253308e-01
3.054226417879253308e-01
3.054226417879253308e-01
3.054226417879253308e-01
3.094595062579897915e-01
3.094595062579897915e-01
3.194339715719773931e-01
3.194339715719773931e-01
3.194339715719773931e-01
3.194339715719773931e-01
3.194339715719773931e-01
3.194339715719773931e-01
3.194339715719773931e-01
3.194339715719773931e-01
3.194339715719773931e-01
3.194339715719773931e-01
3.194339715719773931e-01
3.194339715719773931e-01
3.194339715719773931e-01
3.194339715719773931e-01
3.194339715719773931e-01
3.194339715719773931e-01
3.194339715719773931e-01
3.194339715719773931e-01
3.194339715719773931e-01
3.194339715719773931e-01
3.194339715719773931e-01
3.194339715719773931e-01
3.194339715719773931e-01
3.194339715719773931e-01
