3.123850993255879449e-01
3.181495986223176753e-01
3.181495986223176753e-01
3.181495986223176753e-01
3.181495986223176753e-01
3.202238111629880923e-01
3.206103476273222674e-01
3.206103476273222674e-01
3.206103476273222674e-01
3.206103476273222674e-01
3.206103476273222674e-01
3.206103476273222674e-01
3.206103476273222674e-01
3.206103476273222674e-01
3.206103476273222674e-01
3.206103476273222674e-01
3.206103476273222674e-01
3.206103476273222674e-01
3.206103476273222674e-01
3.206103476273222674e-01
3.206103476273222674e-01
3.206103476273222674e-01
3.206103476273222674e-01
3.206103476273222674e-01
3.206103476273222674e-01
3.206103476273222674e-01
3.206103476273222674e-01
3.206103476273222674e-01
3.206103476273222674e-01
3.206103476273222674e-01
3.206103476273222674e-01
3.206107870619471778e-01
3.206134467626720608e-01
3.206134467626720608e-01
3.206134467626720608e-01
3.206134467626720608e-01
3.206134467626720608e-01
3.206134467626720608e-01
3.206134467626720608e-01
3.206134467626720608e-01
3.206134467626720608e-01
3.206134467626720608e-01
3.206134467626720608e-01
3.206134467626720608e-01
3.206134467626720608e-01
3.206134467626720608e-01
3.206134467626720608e-01
3.206134467626720608e-01
