3.090694051785760621e-01
3.181525080100189307e-01
3.181525080100189307e-01
3.181525080100189307e-01
3.196488134356016975e-01
3.196488134356016975e-01
3.205018314761061138e-01
3.205290608436049959e-01
3.205290608436049959e-01
3.205290608436049959e-01
3.205499790290120554e-01
3.205499790290120554e-01
3.205926071080377193e-01
3.205926071080377193e-01
3.205926071080377193e-01
3.205926071080377193e-01
3.205926071080377193e-01
3.205926071080377193e-01
3.206051333087128752e-01
3.206051333087128752e-01
3.206051333087128752e-01
3.206051333087128752e-01
3.206051333087128752e-01
3.206051333087128752e-01
3.206112380753699531e-01
3.206112380753699531e-01
3.206112380753699531e-01
3.206112380753699531e-01
3.206112380753699531e-01
3.206112380753699531e-01
3.206112380753699531e-01
3.206112380753699531e-01
3.206200137044469267e-01
3.206305428091632548e-01
