3.090694051785760621e-01
3.090694051785760621e-01
3.090694051785760621e-01
3.090694051785760621e-01
3.090694051785760621e-01
3.101037626414872017e-01
3.101037626414872017e-01
3.101037626414872017e-01
3.101037626414872017e-01
3.101037626414872017e-01
3.101037626414872017e-01
3.101037626414872017e-01
3.101037626414872017e-01
3.101037626414872017e-01
3.101037626414872017e-01
3.101037626414872017e-01
3.101037626414872017e-01
3.101037626414872017e-01
3.101037626414872017e-01
3.101037626414872017e-01
3.101037626414872017e-01
3.101037626414872017e-01
3.101037626414872017e-01
3.101037626414872017e-01
3.101037626414872017e-01
3.101037626414872017e-01
3.101037626414872017e-01
3.101037626414872017e-01
3.101037626414872017e-01
3.101037626414872017e-01
3.101037626414872017e-01
3.101037626414872017e-01
3.101037626414872017e-01
3.101037626414872017e-01
