-5.203037640991824142e-02
-4.264117362787876730e-02
-3.752327934369838192e-02
-3.752327934369838192e-02
-3.446081181817191308e-02
-3.446081181817191308e-02
-3.446081181817191308e-02
-2.763494449599754321e-02
-2.763494449599754321e-02
-2.763494449599754321e-02
-2.756420506278806082e-02
-2.705970409337001004e-02
-2.705970409337001004e-02
-2.705970409337001004e-02
-2.705970409337001004e-02
-2.705970409337001004e-02
-2.705970409337001004e-02
-2.705970409337001004e-02
-2.705970409337001004e-02
-2.705970409337001004e-02
-2.705970409337001004e-02
-2.705970409337001004e-02
-2.705970409337001004e-02
-2.705970409337001004e-02
-2.705970409337001004e-02
-2.705970409337001004e-02
-2.705970409337001004e-02
-2.705970409337001004e-02
-2.705970409337001004e-02
-2.705970409337001004e-02
-2.705970409337001004e-02
-2.705970409337001004e-02
-2.705970409337001004e-02
-2.705970409337001004e-02
-2.705970409337001004e-02
-2.705970409337001004e-02
-2.705970409337001004e-02
-2.705970409337001004e-02
-2.705970409337001004e-02
-2.688016643042173692e-02
-2.688016643042173692e-02
-2.688016643042173692e-02
-2.688016643042173692e-02
-2.681067942810989868e-02
-2.681067942810989868e-02
-2.681067942810989868e-02
-2.681067942810989868e-02
