-3.879997982249386301e-02
-3.445923612329811203e-02
-3.445923612329811203e-02
-3.445923612329811203e-02
-3.016854885085566707e-02
-3.016854885085566707e-02
-2.949875893437599317e-02
-2.949875893437599317e-02
-2.696088024957693507e-02
-2.696088024957693507e-02
-2.696088024957693507e-02
-2.696088024957693507e-02
-2.694524829598696214e-02
-2.694524829598696214e-02
-2.680852000965514015e-02
-2.680852000965514015e-02
-2.680852000965514015e-02
-2.680852000965514015e-02
-2.680852000965514015e-02
-2.680852000965514015e-02
-2.680852000965514015e-02
-2.680852000965514015e-02
-2.680852000965514015e-02
-2.680852000965514015e-02
-2.680852000965514015e-02
-2.680852000965514015e-02
-2.680852000965514015e-02
-2.680852000965514015e-02
-2.680852000965514015e-02
-2.680852000965514015e-02
-2.680852000965514015e-02
-2.680852000965514015e-02
-2.680852000965514015e-02
-2.680852000965514015e-02
-2.680852000965514015e-02
-2.680852000965514015e-02
-2.680852000965514015e-02
-2.680852000965514015e-02
-2.680852000965514015e-02
-2.680852000965514015e-02
-2.680451492370243549e-02
-2.680451492370243549e-02
-2.680451492370243549e-02
-2.680451492370243549e-02
-2.680451492370243549e-02
-2.680451492370243549e-02
-2.680451492370243549e-02
-2.680451492370243549e-02
-2.680451492370243549e-02
-2.680451492370243549e-02
-2.680451492370243549e-02
-2.680451492370243549e-02
-2.680451492370243549e-02
-2.680451492370243549e-02
-2.680451492370243549e-02
-2.680451492370243549e-02
-2.680451492370243549e-02
-2.680451492370243549e-02
-2.680451492370243549e-02
-2.680451492370243549e-02
-2.680451492370243549e-02
-2.680451492370243549e-02
-2.680451492370243549e-02
-2.680451492370243549e-02
-2.680451492370243549e-02
-2.680451492370243549e-02
-2.680451492370243549e-02
-2.680451492370243549e-02
-2.680451492370243549e-02
-2.680451492370243549e-02
-2.680451492370243549e-02
-2.680451492370243549e-02
-2.680451492370243549e-02
-2.680451492370243549e-02
-2.680451492370243549e-02
-2.680451492370243549e-02
