2.523733746744919459e-01
2.960867322514387778e-01
2.960867322514387778e-01
2.960867322514387778e-01
3.162592275152370513e-01
3.173924410496570259e-01
3.173924410496570259e-01
3.180550779611868162e-01
3.180550779611868162e-01
3.180550779611868162e-01
3.180550779611868162e-01
3.180606655284879958e-01
3.180606655284879958e-01
3.181513795621081497e-01
3.187402245532603429e-01
3.187402245532603429e-01
3.187402245532603429e-01
3.187402245532603429e-01
3.187402245532603429e-01
3.187402245532603429e-01
3.187402245532603429e-01
3.187402245532603429e-01
3.187402245532603429e-01
3.187402245532603429e-01
3.187402245532603429e-01
3.187402245532603429e-01
3.187402245532603429e-01
3.187402245532603429e-01
3.187402245532603429e-01
3.187402245532603429e-01
3.187402245532603429e-01
3.187402245532603429e-01
3.187402245532603429e-01
