3.123850993255879449e-01
3.123850993255879449e-01
3.174283201783525965e-01
3.182868874261446934e-01
3.182868874261446934e-01
3.190861536396237264e-01
3.190861536396237264e-01
3.200072117274844197e-01
3.200072117274844197e-01
3.200072117274844197e-01
3.200072117274844197e-01
3.200072117274844197e-01
3.200072117274844197e-01
3.200072117274844197e-01
3.200072117274844197e-01
3.200072117274844197e-01
3.200072117274844197e-01
3.200072117274844197e-01
3.200072117274844197e-01
3.200072117274844197e-01
3.200072117274844197e-01
3.200072117274844197e-01
3.200072117274844197e-01
3.200072117274844197e-01
3.200072117274844197e-01
3.200072117274844197e-01
3.200072117274844197e-01
3.200072117274844197e-01
3.200072117274844197e-01
3.200072117274844197e-01
3.200072117274844197e-01
3.200072117274844197e-01
3.200072117274844197e-01
3.205471195426579656e-01
3.205471195426579656e-01
3.205471195426579656e-01
3.205471195426579656e-01
3.205471195426579656e-01
3.205471195426579656e-01
3.205471195426579656e-01
3.205471195426579656e-01
3.205471195426579656e-01
3.205471195426579656e-01
3.205471195426579656e-01
3.205471195426579656e-01
3.205471195426579656e-01
3.205471195426579656e-01
3.205471195426579656e-01
