-4.539683158659263418e-02
-4.539683158659263418e-02
-4.481549804454587616e-02
-4.322289379520158348e-02
-4.322289379520158348e-02
-4.322289379520158348e-02
-4.056737225160972349e-02
-4.056737225160972349e-02
-4.056737225160972349e-02
-4.056737225160972349e-02
-3.919092074829946815e-02
-2.905282604688172454e-02
-2.905282604688172454e-02
-2.878284508384588991e-02
-2.867850522953821479e-02
-2.867850522953821479e-02
-2.867850522953821479e-02
-2.867850522953821479e-02
-2.867850522953821479e-02
-2.867850522953821479e-02
-2.733197401944503779e-02
-2.709377000184572115e-02
-2.709377000184572115e-02
-2.709377000184572115e-02
-2.709377000184572115e-02
-2.709377000184572115e-02
-2.709377000184572115e-02
-2.709377000184572115e-02
-2.709377000184572115e-02
-2.709377000184572115e-02
-2.709377000184572115e-02
-2.709377000184572115e-02
-2.709377000184572115e-02
-2.709377000184572115e-02
-2.709377000184572115e-02
-2.709377000184572115e-02
-2.709377000184572115e-02
-2.709377000184572115e-02
-2.709377000184572115e-02
-2.709377000184572115e-02
-2.709377000184572115e-02
-2.709377000184572115e-02
-2.709377000184572115e-02
-2.709377000184572115e-02
-2.709377000184572115e-02
-2.709377000184572115e-02
-2.709377000184572115e-02
-2.709377000184572115e-02
-2.709377000184572115e-02
-2.709377000184572115e-02
-2.709377000184572115e-02
-2.709377000184572115e-02
-2.709377000184572115e-02
-2.709377000184572115e-02
-2.709377000184572115e-02
-2.709377000184572115e-02
-2.709377000184572115e-02
-2.709377000184572115e-02
-2.709377000184572115e-02
-2.709377000184572115e-02
-2.709377000184572115e-02
-2.709377000184572115e-02
-2.709377000184572115e-02
-2.709377000184572115e-02
-2.709377000184572115e-02
-2.709377000184572115e-02
-2.709377000184572115e-02
-2.708465682215194237e-02
-2.708465682215194237e-02
-2.708465682215194237e-02
-2.708465682215194237e-02
-2.708465682215194237e-02
-2.708465682215194237e-02
-2.708465682215194237e-02
-2.708465682215194237e-02
-2.708465682215194237e-02
