2.523733746744919459e-01
2.523733746744919459e-01
2.523733746744919459e-01
2.523733746744919459e-01
2.523733746744919459e-01
2.523733746744919459e-01
2.523733746744919459e-01
2.523733746744919459e-01
2.523733746744919459e-01
2.523733746744919459e-01
2.523733746744919459e-01
2.523733746744919459e-01
2.523733746744919459e-01
2.523733746744919459e-01
2.523733746744919459e-01
2.523733746744919459e-01
2.523733746744919459e-01
2.523733746744919459e-01
2.523733746744919459e-01
2.523733746744919459e-01
2.523733746744919459e-01
2.523733746744919459e-01
2.523733746744919459e-01
2.987550773398313098e-01
2.987550773398313098e-01
2.988983169591927780e-01
2.988983169591927780e-01
2.988983169591927780e-01
2.988983169591927780e-01
2.988983169591927780e-01
2.988983169591927780e-01
2.988983169591927780e-01
2.988983169591927780e-01
