3.123850993255879449e-01
3.123850993255879449e-01
3.123850993255879449e-01
3.123850993255879449e-01
3.123850993255879449e-01
3.123850993255879449e-01
3.123850993255879449e-01
3.123850993255879449e-01
3.123850993255879449e-01
3.123850993255879449e-01
3.170049351622616363e-01
3.170049351622616363e-01
3.170049351622616363e-01
3.170049351622616363e-01
3.170049351622616363e-01
3.170049351622616363e-01
3.170133925899061844e-01
3.170133925899061844e-01
3.170133925899061844e-01
3.170133925899061844e-01
3.170133925899061844e-01
3.170133925899061844e-01
3.170133925899061844e-01
3.170133925899061844e-01
3.170133925899061844e-01
3.170133925899061844e-01
3.170133925899061844e-01
3.170133925899061844e-01
3.170133925899061844e-01
3.170133925899061844e-01
3.170133925899061844e-01
3.170133925899061844e-01
3.170133925899061844e-01
3.170133925899061844e-01
3.170133925899061844e-01
3.170133925899061844e-01
3.170133925899061844e-01
3.170133925899061844e-01
3.170133925899061844e-01
3.170133925899061844e-01
3.170133925899061844e-01
3.170133925899061844e-01
3.170133925899061844e-01
3.170133925899061844e-01
3.170133925899061844e-01
3.170133925899061844e-01
3.170133925899061844e-01
3.170133925899061844e-01
