-5.203037640993976587e-02
-4.506279254518603949e-02
-3.800938474450812898e-02
-3.800938474450812898e-02
-3.800938474450812898e-02
-3.800938474450812898e-02
-3.800938474450812898e-02
-3.026865160982823710e-02
-3.026865160982823710e-02
-2.961428833676990613e-02
-2.961428833676990613e-02
-2.834833794982311028e-02
-2.770974744881257723e-02
-2.770974744881257723e-02
-2.740549284966713184e-02
-2.740549284966713184e-02
-2.720458001048187135e-02
-2.693197389586347856e-02
-2.693197389586347856e-02
-2.693197389586347856e-02
-2.693197389586347856e-02
-2.693197389586347856e-02
-2.693197389586347856e-02
-2.693197389586347856e-02
-2.693197389586347856e-02
-2.693197389586347856e-02
-2.693197389586347856e-02
