-5.203037640991824142e-02
-3.736634135298892712e-02
-2.715047857862998293e-02
-2.709676742045334652e-02
-2.709676742045334652e-02
-2.700492807346557833e-02
-2.700492807346557833e-02
-2.700492807346557833e-02
-2.700492807346557833e-02
-2.700492807346557833e-02
-2.700492807346557833e-02
-2.700492807346557833e-02
-2.700492807346557833e-02
-2.700492807346557833e-02
-2.700492807346557833e-02
-2.700492807346557833e-02
-2.700492807346557833e-02
-2.700492807346557833e-02
-2.700492807346557833e-02
-2.700492807346557833e-02
-2.689990868035488369e-02
-2.684909889248869586e-02
-2.683363196965506126e-02
-2.683080868923574946e-02
-2.682651477688782760e-02
-2.682531331968067423e-02
-2.682358973501210164e-02
-2.682215967911738552e-02
-2.682132215435094336e-02
-2.682132215435094336e-02
-2.682008293572898938e-02
-2.681947406455632843e-02
-2.681947406455632843e-02
-2.681903946357930280e-02
-2.681903946357930280e-02
-2.681885522665253263e-02
-2.681885522665253263e-02
-2.681868882886793981e-02
-2.681868882886793981e-02
-2.681827406392645052e-02
-2.681827406392645052e-02
-2.681827406392645052e-02
-2.681827406392645052e-02
-2.681809015219377423e-02
-2.681809015219377423e-02
-2.681791266032773624e-02
-2.681791266032773624e-02
