-4.539683158631444004e-02
-4.539683158631444004e-02
-3.837973610158973425e-02
-3.837973610158973425e-02
-3.837973610158973425e-02
-3.780796257675281269e-02
-3.780796257675281269e-02
-3.676185785560187602e-02
-3.676185785560187602e-02
-2.854905029317945930e-02
-2.854905029317945930e-02
-2.854905029317945930e-02
-2.775471312856392370e-02
-2.775471312856392370e-02
-2.717848359989295803e-02
-2.717848359989295803e-02
-2.717848359989295803e-02
-2.717848359989295803e-02
-2.717848359989295803e-02
-2.717848359989295803e-02
-2.717848359989295803e-02
-2.717848359989295803e-02
-2.717848359989295803e-02
-2.717848359989295803e-02
-2.717848359989295803e-02
-2.717848359989295803e-02
-2.717848359989295803e-02
-2.717848359989295803e-02
-2.717848359989295803e-02
-2.717848359989295803e-02
-2.717848359989295803e-02
-2.717848359989295803e-02
-2.717848359989295803e-02
-2.712257723947018861e-02
-2.712257723947018861e-02
-2.712257723947018861e-02
-2.712257723947018861e-02
-2.712257723947018861e-02
-2.712257723947018861e-02
-2.712257723947018861e-02
-2.712257723947018861e-02
-2.712257723947018861e-02
-2.712257723947018861e-02
-2.712257723947018861e-02
-2.712257723947018861e-02
-2.712257723947018861e-02
-2.712257723947018861e-02
-2.712257723947018861e-02
-2.712257723947018861e-02
-2.709573340283155662e-02
-2.709573340283155662e-02
-2.709573340283155662e-02
-2.709573340283155662e-02
-2.709573340283155662e-02
-2.708548578428596199e-02
-2.708548578428596199e-02
-2.708397283029162494e-02
-2.708397283029162494e-02
-2.708397283029162494e-02
-2.708397283029162494e-02
-2.708397283029162494e-02
-2.708397283029162494e-02
-2.708397283029162494e-02
-2.708397283029162494e-02
-2.708397283029162494e-02
-2.708397283029162494e-02
-2.708397283029162494e-02
-2.708397283029162494e-02
-2.708397283029162494e-02
