-4.802178801514965512e-02
-3.311485064101230003e-02
-3.311485064101230003e-02
-3.138095175977598239e-02
-3.138095175977598239e-02
-3.049760952169661143e-02
-2.935131800537295332e-02
-2.800796654747908510e-02
-2.747280643008878642e-02
-2.738769826849216105e-02
-2.738769826849216105e-02
-2.734587503884033932e-02
-2.734587503884033932e-02
-2.734587503884033932e-02
-2.734587503884033932e-02
-2.734587503884033932e-02
-2.734587503884033932e-02
-2.734587503884033932e-02
-2.734587503884033932e-02
-2.734587503884033932e-02
-2.734587503884033932e-02
-2.734587503884033932e-02
-2.734587503884033932e-02
-2.734587503884033932e-02
-2.734587503884033932e-02
-2.734587503884033932e-02
-2.734587503884033932e-02
-2.734587503884033932e-02
-2.734587503884033932e-02
-2.734587503884033932e-02
-2.734587503884033932e-02
-2.734587503884033932e-02
-2.734587503884033932e-02
-2.734587503884033932e-02
-2.734587503884033932e-02
-2.734587503884033932e-02
-2.734587503884033932e-02
-2.734587503884033932e-02
-2.734587503884033932e-02
-2.734587503884033932e-02
-2.734587503884033932e-02
-2.734587503884033932e-02
-2.734587503884033932e-02
-2.734587503884033932e-02
-2.734587503884033932e-02
-2.734587503884033932e-02
-2.684327426019082752e-02
-2.684327426019082752e-02
-2.684327426019082752e-02
-2.684327426019082752e-02
-2.684327426019082752e-02
-2.684327426019082752e-02
-2.684327426019082752e-02
-2.684327426019082752e-02
