-5.891215649354097916e-02
-5.891215649354097916e-02
-4.860083241181693825e-02
-4.415978635500379668e-02
-3.886899440216047552e-02
-3.009177835584275762e-02
-2.795475826107350625e-02
-2.795475826107350625e-02
-2.795475826107350625e-02
-2.795475826107350625e-02
-2.795475826107350625e-02
-2.795475826107350625e-02
-2.683060868844999725e-02
-2.683060868844999725e-02
-2.683060868844999725e-02
-2.683060868844999725e-02
-2.683060868844999725e-02
-2.683060868844999725e-02
-2.683060868844999725e-02
-2.683060868844999725e-02
-2.683060868844999725e-02
-2.683060868844999725e-02
-2.683060868844999725e-02
-2.683060868844999725e-02
-2.683060868844999725e-02
-2.683060868844999725e-02
-2.683060868844999725e-02
-2.683060868844999725e-02
-2.683060868844999725e-02
-2.683060868844999725e-02
-2.683060868844999725e-02
