-6.090406814944088199e-02
-6.090406814944088199e-02
-5.276178185047053493e-02
-3.592388789870119836e-02
-3.592388789870119836e-02
-3.353034846058436380e-02
-3.353034846058436380e-02
-2.776455544256220542e-02
-2.776455544256220542e-02
-2.776455544256220542e-02
-2.756053860330169580e-02
-2.745941739100993262e-02
-2.745941739100993262e-02
-2.745941739100993262e-02
-2.745941739100993262e-02
-2.745941739100993262e-02
-2.745941739100993262e-02
-2.745941739100993262e-02
-2.728306854316771279e-02
-2.680658525679668891e-02
-2.680658525679668891e-02
-2.680658525679668891e-02
-2.680658525679668891e-02
-2.680658525679668891e-02
-2.680658525679668891e-02
-2.680658525679668891e-02
-2.680658525679668891e-02
-2.680658525679668891e-02
-2.680658525679668891e-02
-2.680658525679668891e-02
-2.680658525679668891e-02
