3.097324518507068025e-01
3.109340582714396617e-01
3.180251912346188647e-01
3.180251912346188647e-01
3.180251912346188647e-01
3.189409775687712112e-01
3.189409775687712112e-01
3.189409775687712112e-01
3.189409775687712112e-01
3.189409775687712112e-01
3.189409775687712112e-01
3.189409775687712112e-01
3.189409775687712112e-01
3.189409775687712112e-01
3.189409775687712112e-01
3.189409775687712112e-01
3.189409775687712112e-01
3.189409775687712112e-01
3.189409775687712112e-01
3.189409775687712112e-01
3.189409775687712112e-01
3.189409775687712112e-01
3.189409775687712112e-01
3.189409775687712112e-01
3.189409775687712112e-01
3.189409775687712112e-01
3.189409775687712112e-01
3.189409775687712112e-01
3.189409775687712112e-01
3.189409775687712112e-01
3.189409775687712112e-01
3.189409775687712112e-01
3.189409775687712112e-01
3.189409775687712112e-01
3.189409775687712112e-01
3.189409775687712112e-01
3.189409775687712112e-01
