-4.827223495677393506e-02
-3.852899822993392787e-02
-2.811335369371369131e-02
-2.777353219110607896e-02
-2.777353219110607896e-02
-2.735467785436383747e-02
-2.720434826654004323e-02
-2.715295233555742316e-02
-2.713388993629727020e-02
-2.712622392166517959e-02
-2.710916796237999860e-02
-2.710916796237999860e-02
-2.710916796237999860e-02
-2.710733251895211526e-02
-2.694208306468123815e-02
-2.694208306468123815e-02
-2.694208306468123815e-02
-2.694208306468123815e-02
-2.694208306468123815e-02
-2.694208306468123815e-02
-2.694208306468123815e-02
-2.694208306468123815e-02
-2.694208306468123815e-02
