-4.802178801514965512e-02
-4.802178801514965512e-02
-4.802178801514965512e-02
-4.802178801514965512e-02
-4.218360209428002883e-02
-4.218360209428002883e-02
-4.218360209428002883e-02
-4.218360209428002883e-02
-3.768004272230181251e-02
-3.768004272230181251e-02
-3.768004272230181251e-02
-3.768004272230181251e-02
-3.746661337982372386e-02
-3.746661337982372386e-02
-3.644359344253680910e-02
-3.644359344253680910e-02
-3.635106002252598556e-02
-3.635106002252598556e-02
-3.635106002252598556e-02
-3.635106002252598556e-02
-3.635106002252598556e-02
-3.635106002252598556e-02
-3.635106002252598556e-02
-3.635106002252598556e-02
-3.635106002252598556e-02
-3.635106002252598556e-02
-3.635106002252598556e-02
-3.635106002252598556e-02
-3.635106002252598556e-02
-2.982410701290320876e-02
-2.982410701290320876e-02
-2.982410701290320876e-02
-2.982410701290320876e-02
-2.982410701290320876e-02
-2.933651671433240571e-02
-2.933651671433240571e-02
-2.933651671433240571e-02
-2.866361284170314272e-02
-2.866361284170314272e-02
-2.866361284170314272e-02
-2.866361284170314272e-02
-2.866361284170314272e-02
-2.866361284170314272e-02
-2.866361284170314272e-02
-2.866361284170314272e-02
-2.866361284170314272e-02
-2.866361284170314272e-02
-2.719252922748829904e-02
-2.699877112292478620e-02
-2.699877112292478620e-02
-2.699877112292478620e-02
-2.699877112292478620e-02
-2.699877112292478620e-02
-2.699877112292478620e-02
