-6.090406814944401837e-02
-4.055711182024190897e-02
-4.055711182024190897e-02
-2.998408952424277962e-02
-2.744289983816589062e-02
-2.744289983816589062e-02
-2.688490745765956258e-02
-2.687024301715644492e-02
-2.687024301715644492e-02
-2.687024301715644492e-02
-2.687024301715644492e-02
-2.687024301715644492e-02
-2.687024301715644492e-02
-2.687024301715644492e-02
-2.685982044513814115e-02
-2.685982044513814115e-02
-2.685982044513814115e-02
-2.684854123152380367e-02
-2.684854123152380367e-02
-2.684854123152380367e-02
-2.682118526802128311e-02
-2.681091957632256162e-02
-2.681091957632256162e-02
-2.681091957632256162e-02
-2.681091957632256162e-02
-2.680968971206394713e-02
-2.680968971206394713e-02
-2.680968971206394713e-02
-2.680968971206394713e-02
-2.680968971206394713e-02
-2.680968971206394713e-02
-2.680968971206394713e-02
-2.680968971206394713e-02
-2.680856469533242359e-02
-2.680856469533242359e-02
-2.680856469533242359e-02
-2.680856469533242359e-02
-2.680856469533242359e-02
-2.680856469533242359e-02
-2.680856469533242359e-02
-2.680856469533242359e-02
-2.680856469533242359e-02
-2.680856469533242359e-02
-2.680856469533242359e-02
-2.680856469533242359e-02
-2.680856469533242359e-02
-2.680856469533242359e-02
-2.680856469533242359e-02
-2.680856469533242359e-02
-2.680856469533242359e-02
-2.680856469533242359e-02
-2.680856469533242359e-02
-2.680856469533242359e-02
-2.680856469533242359e-02
-2.680856469533242359e-02
-2.680856469533242359e-02
-2.680856469533242359e-02
-2.680856469533242359e-02
-2.680856469533242359e-02
-2.680856469533242359e-02
-2.680856469533242359e-02
-2.680856469533242359e-02
-2.680856469533242359e-02
-2.680856469533242359e-02
-2.680856469533242359e-02
-2.680856469533242359e-02
-2.680856469533242359e-02
-2.680856469533242359e-02
-2.680856469533242359e-02
-2.680856469533242359e-02
-2.680856469533242359e-02
-2.680856469533242359e-02
-2.680856469533242359e-02
-2.680856469533242359e-02
-2.680856469533242359e-02
-2.680856469533242359e-02
