-5.203037640991824142e-02
-5.203037640991824142e-02
-5.203037640991824142e-02
-5.203037640991824142e-02
-5.203037640991824142e-02
-5.203037640991824142e-02
-5.203037640991824142e-02
-5.203037640991824142e-02
-3.426099674773383508e-02
-3.426099674773383508e-02
-3.426099674773383508e-02
-3.426099674773383508e-02
-3.426099674773383508e-02
-3.426099674773383508e-02
-3.426099674773383508e-02
-3.426099674773383508e-02
-3.426099674773383508e-02
-3.426099674773383508e-02
-3.426099674773383508e-02
-3.426099674773383508e-02
-3.426099674773383508e-02
-3.426099674773383508e-02
-3.426099674773383508e-02
-3.426099674773383508e-02
-3.426099674773383508e-02
-3.426099674773383508e-02
-3.426099674773383508e-02
-3.426099674773383508e-02
-3.426099674773383508e-02
-3.426099674773383508e-02
-3.426099674773383508e-02
-3.426099674773383508e-02
-3.426099674773383508e-02
-3.426099674773383508e-02
-3.426099674773383508e-02
-3.426099674773383508e-02
-3.426099674773383508e-02
-3.426099674773383508e-02
-3.426099674773383508e-02
-3.426099674773383508e-02
-3.426099674773383508e-02
-3.426099674773383508e-02
-3.426099674773383508e-02
-3.426099674773383508e-02
-3.426099674773383508e-02
-3.426099674773383508e-02
-3.426099674773383508e-02
