-5.891215649354494821e-02
-5.685942758762507765e-02
-5.685942758762507765e-02
-4.752045106854625722e-02
-4.259494711935969680e-02
-3.948818060041829614e-02
-3.748797989524707552e-02
-3.748797989524707552e-02
-3.748797989524707552e-02
-3.748797989524707552e-02
-3.748797989524707552e-02
-3.748797989524707552e-02
-3.669091995057115196e-02
-3.669091995057115196e-02
-3.669091995057115196e-02
-3.574272477128311032e-02
-3.320310801936057765e-02
-2.874221357380342401e-02
-2.874221357380342401e-02
-2.874221357380342401e-02
-2.874221357380342401e-02
-2.874221357380342401e-02
-2.874221357380342401e-02
-2.805715952317666684e-02
-2.805715952317666684e-02
-2.779453254562591624e-02
-2.779453254562591624e-02
-2.779453254562591624e-02
-2.779453254562591624e-02
-2.779453254562591624e-02
-2.779453254562591624e-02
-2.779453254562591624e-02
-2.691590567189318384e-02
-2.691590567189318384e-02
-2.691590567189318384e-02
-2.691590567189318384e-02
-2.691590567189318384e-02
-2.691590567189318384e-02
-2.691590567189318384e-02
-2.691590567189318384e-02
-2.691590567189318384e-02
-2.691590567189318384e-02
-2.691590567189318384e-02
-2.691590567189318384e-02
-2.691590567189318384e-02
-2.691590567189318384e-02
-2.691590567189318384e-02
-2.691590567189318384e-02
-2.691590567189318384e-02
-2.691590567189318384e-02
-2.691590567189318384e-02
-2.691590567189318384e-02
-2.691590567189318384e-02
-2.691590567189318384e-02
-2.691590567189318384e-02
