3.097324518507068025e-01
3.181379207913685447e-01
3.181379207913685447e-01
3.205401470225406890e-01
3.205401470225406890e-01
3.205401470225406890e-01
3.205401470225406890e-01
3.205401470225406890e-01
3.205401470225406890e-01
3.205401470225406890e-01
3.205401470225406890e-01
3.205401470225406890e-01
3.205401470225406890e-01
3.205540280477105486e-01
3.205861891501277650e-01
3.206000369477147172e-01
3.206000369477147172e-01
3.206000369477147172e-01
3.206000369477147172e-01
3.206000369477147172e-01
3.206000369477147172e-01
3.206187068931025119e-01
3.206187068931025119e-01
3.206187068931025119e-01
3.206403927856321112e-01
3.206403927856321112e-01
3.206403927856321112e-01
3.206403927856321112e-01
3.206403927856321112e-01
3.206403927856321112e-01
3.206403927856321112e-01
3.206543062812773903e-01
3.206543062812773903e-01
3.206543062812773903e-01
3.206543062812773903e-01
3.206543062812773903e-01
3.206543062812773903e-01
