-3.990942604380641467e-02
-3.990942604380641467e-02
-3.990942604380641467e-02
-3.773594599764341917e-02
-3.681307129738117800e-02
-3.681307129738117800e-02
-3.681307129738117800e-02
-3.681307129738117800e-02
-3.681307129738117800e-02
-3.681307129738117800e-02
-3.681307129738117800e-02
-3.388046763251043036e-02
-2.698896514917259459e-02
-2.698896514917259459e-02
-2.698896514917259459e-02
-2.698896514917259459e-02
-2.698896514917259459e-02
-2.698896514917259459e-02
-2.698896514917259459e-02
-2.698896514917259459e-02
-2.698896514917259459e-02
-2.698896514917259459e-02
-2.698896514917259459e-02
-2.698896514917259459e-02
-2.698896514917259459e-02
-2.698896514917259459e-02
-2.698896514917259459e-02
-2.698896514917259459e-02
-2.698896514917259459e-02
-2.696279504887684475e-02
-2.693153687797168738e-02
-2.690756837537595925e-02
-2.690756837537595925e-02
-2.690756837537595925e-02
-2.690756837537595925e-02
-2.690756837537595925e-02
-2.690756837537595925e-02
-2.690756837537595925e-02
-2.690756837537595925e-02
-2.690756837537595925e-02
-2.690756837537595925e-02
-2.682225366242167730e-02
-2.682225366242167730e-02
-2.681181705434264317e-02
-2.681181705434264317e-02
-2.681181705434264317e-02
-2.681181705434264317e-02
-2.680527920176550838e-02
