2.523733746744919459e-01
3.180695106601379996e-01
3.180695106601379996e-01
3.180695106601379996e-01
3.181441068413498607e-01
3.181441068413498607e-01
3.203931364335634857e-01
3.203931364335634857e-01
3.203931364335634857e-01
3.203931364335634857e-01
3.203931364335634857e-01
3.204893676715013795e-01
3.204893676715013795e-01
3.204893676715013795e-01
3.205733925215783486e-01
3.206073148686500174e-01
3.206073148686500174e-01
3.206073148686500174e-01
3.206073148686500174e-01
3.206073148686500174e-01
3.206531074381819835e-01
3.206554036116577855e-01
3.206554036116577855e-01
3.206554036116577855e-01
3.206554036116577855e-01
3.206554036116577855e-01
3.206554036116577855e-01
3.206554036116577855e-01
3.206554036116577855e-01
3.206554036116577855e-01
3.206554036116577855e-01
3.206554036116577855e-01
3.206554036116577855e-01
