-4.539683158631444004e-02
-4.539683158631444004e-02
-4.539683158631444004e-02
-4.539683158631444004e-02
-4.539683158631444004e-02
-4.539683158631444004e-02
-4.539683158631444004e-02
-4.539683158631444004e-02
-4.539683158631444004e-02
-4.539683158631444004e-02
-4.539683158631444004e-02
-4.539683158631444004e-02
-4.539683158631444004e-02
-4.539683158631444004e-02
-4.539683158631444004e-02
-4.539683158631444004e-02
-4.539683158631444004e-02
-4.539683158631444004e-02
-4.539683158631444004e-02
-4.539683158631444004e-02
-4.539683158631444004e-02
-4.539683158631444004e-02
-4.539683158631444004e-02
-4.539683158631444004e-02
-4.539683158631444004e-02
-4.539683158631444004e-02
-4.539683158631444004e-02
-4.539683158631444004e-02
-4.539683158631444004e-02
-4.539683158631444004e-02
-3.939169225065394797e-02
-3.939169225065394797e-02
-3.939169225065394797e-02
-3.939169225065394797e-02
-3.939169225065394797e-02
-3.939169225065394797e-02
-3.939169225065394797e-02
-3.939169225065394797e-02
-3.939169225065394797e-02
-3.939169225065394797e-02
-3.939169225065394797e-02
-3.939169225065394797e-02
-3.939169225065394797e-02
-3.939169225065394797e-02
-3.939169225065394797e-02
-3.939169225065394797e-02
-3.939169225065394797e-02
-3.939169225065394797e-02
-3.939169225065394797e-02
-3.939169225065394797e-02
-3.939169225065394797e-02
-3.939169225065394797e-02
-3.939169225065394797e-02
-3.939169225065394797e-02
-3.939169225065394797e-02
-3.939169225065394797e-02
-3.939169225065394797e-02
-3.939169225065394797e-02
-3.939169225065394797e-02
-3.939169225065394797e-02
-3.939169225065394797e-02
-3.939169225065394797e-02
-3.939169225065394797e-02
-3.939169225065394797e-02
-3.939169225065394797e-02
-3.939169225065394797e-02
-3.939169225065394797e-02
-3.939169225065394797e-02
-3.939169225065394797e-02
