-6.090406814944401837e-02
-6.090406814944401837e-02
-6.090406814944401837e-02
-6.090406814944401837e-02
-6.090406814944401837e-02
-6.090406814944401837e-02
-6.090406814944401837e-02
-6.090406814944401837e-02
-4.468862324116988638e-02
-4.468862324116988638e-02
-4.468862324116988638e-02
-3.772160094621149207e-02
-3.772160094621149207e-02
-3.772160094621149207e-02
-3.772160094621149207e-02
-3.772160094621149207e-02
-3.772160094621149207e-02
-3.772160094621149207e-02
-3.772160094621149207e-02
-3.772160094621149207e-02
-3.772160094621149207e-02
-3.772160094621149207e-02
-3.772160094621149207e-02
-3.772160094621149207e-02
-3.772160094621149207e-02
-3.772160094621149207e-02
-3.772160094621149207e-02
-3.772160094621149207e-02
-3.772160094621149207e-02
-3.772160094621149207e-02
-3.772160094621149207e-02
-3.772160094621149207e-02
-3.772160094621149207e-02
-3.772160094621149207e-02
-3.772160094621149207e-02
-3.772160094621149207e-02
-3.772160094621149207e-02
-3.772160094621149207e-02
-3.772160094621149207e-02
-3.772160094621149207e-02
-3.772160094621149207e-02
-3.772160094621149207e-02
-3.772160094621149207e-02
-3.772160094621149207e-02
-3.732002231075189080e-02
-3.732002231075189080e-02
-3.732002231075189080e-02
-3.732002231075189080e-02
-3.732002231075189080e-02
-3.732002231075189080e-02
-3.732002231075189080e-02
-3.732002231075189080e-02
-3.732002231075189080e-02
-3.732002231075189080e-02
-3.732002231075189080e-02
-3.732002231075189080e-02
-3.732002231075189080e-02
-3.732002231075189080e-02
-3.732002231075189080e-02
-3.732002231075189080e-02
-3.732002231075189080e-02
-3.732002231075189080e-02
-3.732002231075189080e-02
-3.732002231075189080e-02
-3.732002231075189080e-02
-3.732002231075189080e-02
-3.732002231075189080e-02
-3.732002231075189080e-02
-3.732002231075189080e-02
-3.732002231075189080e-02
-3.732002231075189080e-02
-3.732002231075189080e-02
-3.732002231075189080e-02
-3.732002231075189080e-02
-3.732002231075189080e-02
-3.732002231075189080e-02
