3.090694051785760621e-01
3.129655283502681407e-01
3.129655283502681407e-01
3.129655283502681407e-01
3.129655283502681407e-01
3.188522287817787682e-01
3.188522287817787682e-01
3.188522287817787682e-01
3.191733086570653910e-01
3.191733086570653910e-01
3.191733086570653910e-01
3.191733086570653910e-01
3.191733086570653910e-01
3.191733086570653910e-01
3.191733086570653910e-01
3.191733086570653910e-01
3.191733086570653910e-01
3.191733086570653910e-01
3.191733086570653910e-01
3.191733086570653910e-01
3.191733086570653910e-01
3.191733086570653910e-01
3.191733086570653910e-01
3.191733086570653910e-01
3.191733086570653910e-01
3.191733086570653910e-01
3.191733086570653910e-01
3.191733086570653910e-01
3.191733086570653910e-01
3.191733086570653910e-01
3.191733086570653910e-01
3.191733086570653910e-01
3.191733086570653910e-01
3.191733086570653910e-01
