-9.484806813492670241e-02
-5.598715735940097693e-02
-3.312094261662085204e-02
-2.871445328556314347e-02
-2.730066664820753053e-02
-2.730066664820753053e-02
-2.730066664820753053e-02
-2.703208051224709196e-02
-2.696347992565599483e-02
-2.694395908305075027e-02
-2.690568071621587953e-02
-2.689233936481018328e-02
-2.689233936481018328e-02
-2.687701763256658549e-02
-2.687194322632803500e-02
-2.687194322632803500e-02
-2.687194322632803500e-02
-2.686532425625179354e-02
-2.686119528354913299e-02
-2.686119528354913299e-02
-2.685651014738704712e-02
-2.685651014738704712e-02
-2.685651014738704712e-02
-2.685466186021270851e-02
-2.685085665805515831e-02
-2.685085665805515831e-02
-2.685085665805515831e-02
-2.685085665805515831e-02
-2.684648244906596981e-02
-2.684510319222911667e-02
-2.684510319222911667e-02
-2.684069164234725857e-02
-2.684069164234725857e-02
-2.684069164234725857e-02
-2.684069164234725857e-02
-2.684069164234725857e-02
