2.824159026611231527e-01
2.824159026611231527e-01
2.824159026611231527e-01
2.824159026611231527e-01
2.824159026611231527e-01
2.824159026611231527e-01
2.824159026611231527e-01
2.824159026611231527e-01
2.824159026611231527e-01
3.052947085890255208e-01
3.052947085890255208e-01
3.052947085890255208e-01
3.052947085890255208e-01
3.052947085890255208e-01
3.052947085890255208e-01
3.052947085890255208e-01
3.052947085890255208e-01
3.052947085890255208e-01
3.052947085890255208e-01
3.076110235866290621e-01
3.076110235866290621e-01
3.076110235866290621e-01
3.076110235866290621e-01
3.076110235866290621e-01
3.076110235866290621e-01
3.076110235866290621e-01
3.076110235866290621e-01
3.076110235866290621e-01
3.076110235866290621e-01
3.076110235866290621e-01
3.076110235866290621e-01
3.076110235866290621e-01
3.076110235866290621e-01
3.076110235866290621e-01
3.076110235866290621e-01
3.076110235866290621e-01
3.076110235866290621e-01
3.076110235866290621e-01
3.076110235866290621e-01
3.076110235866290621e-01
3.076110235866290621e-01
3.076110235866290621e-01
3.076110235866290621e-01
3.076110235866290621e-01
3.076110235866290621e-01
3.076110235866290621e-01
3.076110235866290621e-01
3.076110235866290621e-01
3.076110235866290621e-01
3.076110235866290621e-01
3.076110235866290621e-01
3.166339052685204214e-01
3.166339052685204214e-01
3.166339052685204214e-01
3.166339052685204214e-01
3.166339052685204214e-01
3.166339052685204214e-01
3.166339052685204214e-01
3.166339052685204214e-01
3.166339052685204214e-01
