-5.891215649354494821e-02
-3.697222459358993907e-02
-3.025912960609011826e-02
-3.025912960609011826e-02
-2.962340609374060352e-02
-2.955365909058080276e-02
-2.951977690231775975e-02
-2.951977690231775975e-02
-2.951977690231775975e-02
-2.951977690231775975e-02
-2.951977690231775975e-02
-2.951977690231775975e-02
-2.951977690231775975e-02
-2.940746245765753220e-02
-2.894705718315028486e-02
-2.819729181667174345e-02
-2.739314492864482198e-02
-2.709048625136005473e-02
-2.701443769859458721e-02
-2.701443769859458721e-02
-2.698573065292884932e-02
-2.696756849244667797e-02
-2.696269645589943753e-02
-2.696173836459545003e-02
-2.695748457831979861e-02
-2.694961085141603374e-02
-2.694961085141603374e-02
-2.694942909481368165e-02
-2.694691131411801333e-02
-2.694584574554896583e-02
-2.694471741561071942e-02
-2.693986648039618792e-02
-2.693983031019563101e-02
-2.693916865088491486e-02
-2.693916865088491486e-02
-2.693771737821594459e-02
-2.693644908158455975e-02
-2.693567717541069106e-02
-2.693567717541069106e-02
-2.693567717541069106e-02
-2.693380501529986371e-02
-2.693140808164817823e-02
-2.693140808164817823e-02
-2.693140808164817823e-02
-2.693140808164817823e-02
-2.693140808164817823e-02
-2.693140808164817823e-02
-2.693140808164817823e-02
-2.693140808164817823e-02
-2.693140808164817823e-02
-2.693140808164817823e-02
-2.693140808164817823e-02
-2.693140808164817823e-02
-2.693140808164817823e-02
-2.693140808164817823e-02
