-3.990942604380641467e-02
-3.990942604380641467e-02
-3.990942604380641467e-02
-3.990942604380641467e-02
-3.267271456891056303e-02
-3.267271456891056303e-02
-3.267271456891056303e-02
-3.267271456891056303e-02
-3.267271456891056303e-02
-3.267271456891056303e-02
-3.267271456891056303e-02
-3.267271456891056303e-02
-3.267271456891056303e-02
-3.267271456891056303e-02
-3.267271456891056303e-02
-3.267271456891056303e-02
-3.267271456891056303e-02
-3.267271456891056303e-02
-3.267271456891056303e-02
-3.267271456891056303e-02
-3.267271456891056303e-02
-3.267271456891056303e-02
-3.267271456891056303e-02
-3.267271456891056303e-02
-3.267271456891056303e-02
-3.267271456891056303e-02
-3.267271456891056303e-02
-3.267271456891056303e-02
-3.267271456891056303e-02
-3.267271456891056303e-02
-3.267271456891056303e-02
-3.267271456891056303e-02
-3.267271456891056303e-02
-3.267271456891056303e-02
-3.267271456891056303e-02
-3.267271456891056303e-02
-3.267271456891056303e-02
-3.267271456891056303e-02
-3.267271456891056303e-02
-3.267271456891056303e-02
-3.267271456891056303e-02
-3.267271456891056303e-02
-3.267271456891056303e-02
-3.267271456891056303e-02
-3.267271456891056303e-02
-3.267271456891056303e-02
-3.267271456891056303e-02
-3.267271456891056303e-02
