-9.484806813492670241e-02
-5.062113402942308715e-02
-3.675794326554625291e-02
-3.675794326554625291e-02
-3.675794326554625291e-02
-3.675794326554625291e-02
-3.675794326554625291e-02
-3.640171809527810443e-02
-3.640171809527810443e-02
-3.640171809527810443e-02
-3.640171809527810443e-02
-3.610499085030834110e-02
-3.610499085030834110e-02
-3.610499085030834110e-02
-3.610499085030834110e-02
-3.610499085030834110e-02
-3.610499085030834110e-02
-3.610499085030834110e-02
-3.610499085030834110e-02
-3.610499085030834110e-02
-3.610499085030834110e-02
-3.610499085030834110e-02
-3.610499085030834110e-02
-3.610499085030834110e-02
-3.610499085030834110e-02
-3.610499085030834110e-02
-3.608110991197155393e-02
-3.608110991197155393e-02
-3.608110991197155393e-02
-3.608110991197155393e-02
-3.608110991197155393e-02
-3.608110991197155393e-02
-3.608110991197155393e-02
-3.608110991197155393e-02
-3.608110991197155393e-02
-3.608110991197155393e-02
