2.943430934651969366e-01
2.943430934651969366e-01
2.943430934651969366e-01
2.943430934651969366e-01
2.943430934651969366e-01
2.943430934651969366e-01
2.943430934651969366e-01
2.943430934651969366e-01
2.974911626125459341e-01
2.974911626125459341e-01
2.974911626125459341e-01
2.974911626125459341e-01
2.974911626125459341e-01
2.974911626125459341e-01
2.974911626125459341e-01
2.974911626125459341e-01
2.974911626125459341e-01
2.974911626125459341e-01
2.974911626125459341e-01
3.149699863229409313e-01
3.149699863229409313e-01
3.149699863229409313e-01
3.149699863229409313e-01
3.149699863229409313e-01
3.149699863229409313e-01
3.149699863229409313e-01
3.149699863229409313e-01
3.149699863229409313e-01
3.149699863229409313e-01
3.149699863229409313e-01
3.149699863229409313e-01
3.149699863229409313e-01
