2.943430934651969366e-01
3.132383058285070909e-01
3.132383058285070909e-01
3.132383058285070909e-01
3.180055841971736186e-01
3.180055841971736186e-01
3.180055841971736186e-01
3.180055841971736186e-01
3.180055841971736186e-01
3.180055841971736186e-01
3.191221610355331473e-01
3.191221610355331473e-01
3.191221610355331473e-01
3.191221610355331473e-01
3.191221610355331473e-01
3.191221610355331473e-01
3.191221610355331473e-01
3.191221610355331473e-01
3.191221610355331473e-01
3.191221610355331473e-01
3.191221610355331473e-01
3.191221610355331473e-01
3.191221610355331473e-01
3.191221610355331473e-01
3.191221610355331473e-01
3.191221610355331473e-01
3.191221610355331473e-01
3.191221610355331473e-01
3.191221610355331473e-01
3.191221610355331473e-01
3.191221610355331473e-01
3.191221610355331473e-01
