-3.879997982249386301e-02
-3.516176293665723707e-02
-2.686249046440407351e-02
-2.686249046440407351e-02
-2.686249046440407351e-02
-2.685691961832298302e-02
-2.685056997178007776e-02
-2.684270955454635954e-02
-2.684270955454635954e-02
-2.683201729607496977e-02
-2.681153309836353804e-02
-2.681153309836353804e-02
-2.681153309836353804e-02
-2.680874901837722313e-02
-2.680874901837722313e-02
-2.680874901837722313e-02
-2.680578699162453060e-02
-2.680578699162453060e-02
-2.680578699162453060e-02
-2.680578699162453060e-02
-2.680578699162453060e-02
-2.680578699162453060e-02
-2.680578699162453060e-02
-2.680578699162453060e-02
-2.680578699162453060e-02
-2.680578699162453060e-02
-2.680578699162453060e-02
-2.680578699162453060e-02
-2.680578699162453060e-02
-2.680578699162453060e-02
-2.680578699162453060e-02
-2.680578699162453060e-02
-2.680578699162453060e-02
-2.680578699162453060e-02
-2.680578699162453060e-02
-2.680578699162453060e-02
-2.680578699162453060e-02
-2.680578699162453060e-02
-2.680578699162453060e-02
-2.680578699162453060e-02
-2.680578699162453060e-02
-2.680578699162453060e-02
-2.680578699162453060e-02
-2.680578699162453060e-02
-2.680578699162453060e-02
-2.680578699162453060e-02
-2.680578699162453060e-02
-2.680578699162453060e-02
-2.680578699162453060e-02
-2.680578699162453060e-02
-2.680578699162453060e-02
-2.680578699162453060e-02
-2.680578699162453060e-02
-2.680578699162453060e-02
-2.680578699162453060e-02
-2.680578699162453060e-02
-2.680578699162453060e-02
-2.680578699162453060e-02
-2.680578699162453060e-02
-2.680578699162453060e-02
-2.680578699162453060e-02
-2.680578699162453060e-02
-2.680578699162453060e-02
-2.680578699162453060e-02
-2.680578699162453060e-02
-2.680578699162453060e-02
-2.680578699162453060e-02
-2.680578699162453060e-02
-2.680578699162453060e-02
-2.680578699162453060e-02
-2.680578699162453060e-02
-2.680578699162453060e-02
-2.680578699162453060e-02
-2.680578699162453060e-02
-2.680578699162453060e-02
-2.680578699162453060e-02
