2.824159026611231527e-01
2.855571832738132976e-01
2.855571832738132976e-01
2.891905356845895225e-01
3.117856549904379770e-01
3.156211341786736568e-01
3.156211341786736568e-01
3.156211341786736568e-01
3.156211341786736568e-01
3.156211341786736568e-01
3.156211341786736568e-01
3.156211341786736568e-01
3.156211341786736568e-01
3.159986594370195467e-01
3.162253572493511911e-01
3.162253572493511911e-01
3.162253572493511911e-01
3.162253572493511911e-01
3.162253572493511911e-01
3.162253572493511911e-01
3.162253572493511911e-01
3.162253572493511911e-01
3.162684261957899867e-01
3.171564247631890598e-01
3.180817183961271999e-01
3.180817183961271999e-01
3.180817183961271999e-01
3.180817183961271999e-01
3.181130591520928697e-01
3.181130591520928697e-01
3.181130591520928697e-01
3.181130591520928697e-01
3.181130591520928697e-01
3.181130591520928697e-01
3.181130591520928697e-01
3.181130591520928697e-01
3.181130591520928697e-01
3.181130591520928697e-01
3.181130591520928697e-01
3.181130591520928697e-01
3.181130591520928697e-01
3.181130591520928697e-01
3.181130591520928697e-01
3.181130591520928697e-01
3.181130591520928697e-01
3.181130591520928697e-01
3.181130591520928697e-01
3.181413781865173318e-01
3.181413781865173318e-01
3.181413781865173318e-01
3.181413781865173318e-01
3.181413781865173318e-01
3.181413781865173318e-01
3.181470496853839869e-01
3.181470496853839869e-01
3.181470496853839869e-01
3.181470496853839869e-01
3.181525757698979717e-01
3.181525757698979717e-01
3.181525757698979717e-01
