-4.802178801514965512e-02
-4.802178801514965512e-02
-4.802178801514965512e-02
-4.802178801514965512e-02
-4.802178801514965512e-02
-4.802178801514965512e-02
-4.802178801514965512e-02
-4.802178801514965512e-02
-4.802178801514965512e-02
-4.802178801514965512e-02
-4.802178801514965512e-02
-4.802178801514965512e-02
-4.802178801514965512e-02
-4.802178801514965512e-02
-4.802178801514965512e-02
-4.802178801514965512e-02
-4.802178801514965512e-02
-4.802178801514965512e-02
-4.802178801514965512e-02
-4.802178801514965512e-02
-4.802178801514965512e-02
-4.802178801514965512e-02
-4.802178801514965512e-02
-4.802178801514965512e-02
-4.802178801514965512e-02
-4.802178801514965512e-02
-4.802178801514965512e-02
-4.802178801514965512e-02
-4.802178801514965512e-02
-4.802178801514965512e-02
-4.802178801514965512e-02
-4.802178801514965512e-02
-4.802178801514965512e-02
-4.802178801514965512e-02
-4.802178801514965512e-02
-4.802178801514965512e-02
-4.802178801514965512e-02
-4.802178801514965512e-02
-4.802178801514965512e-02
-4.802178801514965512e-02
-4.802178801514965512e-02
-4.802178801514965512e-02
-4.802178801514965512e-02
-4.802178801514965512e-02
-4.802178801514965512e-02
-4.802178801514965512e-02
-4.802178801514965512e-02
-4.802178801514965512e-02
-4.802178801514965512e-02
-4.729398784528711375e-02
-4.729398784528711375e-02
-4.729398784528711375e-02
-4.729398784528711375e-02
-4.619836381115222101e-02
