-4.539683158631444004e-02
-2.897250120051286792e-02
-2.897250120051286792e-02
-2.831799386280087205e-02
-2.831523158810825280e-02
-2.825798806457603674e-02
-2.825798806457603674e-02
-2.825740034885375340e-02
-2.825333972842543340e-02
-2.825333972842543340e-02
-2.825333972842543340e-02
-2.825333972842543340e-02
-2.821556741174759131e-02
-2.821556741174759131e-02
-2.821556741174759131e-02
-2.729940599495947473e-02
-2.710239355092493307e-02
-2.702084230066616188e-02
-2.699803969241205970e-02
-2.697880373913787155e-02
-2.697244059081808920e-02
-2.695405339462829397e-02
-2.693588092179081961e-02
-2.693588092179081961e-02
-2.693588092179081961e-02
-2.693588092179081961e-02
-2.693588092179081961e-02
-2.693361873915178784e-02
-2.693361873915178784e-02
-2.693361873915178784e-02
-2.692928847701424322e-02
-2.692860544242293985e-02
-2.692860544242293985e-02
-2.692860544242293985e-02
-2.692860544242293985e-02
-2.692488881232167619e-02
-2.692488881232167619e-02
-2.691702981900868930e-02
-2.691702981900868930e-02
-2.691702981900868930e-02
-2.691702981900868930e-02
-2.691702981900868930e-02
-2.691702981900868930e-02
-2.691702981900868930e-02
-2.691702981900868930e-02
-2.691702981900868930e-02
-2.691702981900868930e-02
-2.691702981900868930e-02
-2.691702981900868930e-02
-2.691702981900868930e-02
-2.691702981900868930e-02
-2.691702981900868930e-02
-2.691702981900868930e-02
-2.691702981900868930e-02
-2.691702981900868930e-02
-2.686967163653491975e-02
-2.686967163653491975e-02
-2.686967163653491975e-02
-2.686967163653491975e-02
-2.686967163653491975e-02
-2.686967163653491975e-02
-2.686967163653491975e-02
-2.686967163653491975e-02
-2.686967163653491975e-02
-2.686967163653491975e-02
-2.686967163653491975e-02
-2.686967163653491975e-02
-2.686967163653491975e-02
-2.686967163653491975e-02
