-5.576631525295489000e-02 1.599903917823978367e-02
-3.824049328693238797e-02 8.063415163848647316e-03
-3.171986819621501474e-02 5.070125482328923308e-03
-2.986626898776465616e-02 4.083077014585529893e-03
-2.831662048215753333e-02 1.516865729055901424e-03
-2.812461385634253824e-02 1.317301062801762594e-03
-2.793360937660747598e-02 1.189311916778080505e-03
-2.766095341159140533e-02 9.297314462951571275e-04
-2.746191976634599838e-02 8.049950112388853376e-04
-2.740177789150609680e-02 8.094694735328118642e-04
-2.738384930047872007e-02 8.173640559739056349e-04
-2.737428045041382860e-02 8.199019712662786088e-04
-2.736964839861748613e-02 8.162916424199801900e-04
-2.735584048484279718e-02 7.883276421087774067e-04
-2.728912064325342973e-02 6.809847274749215949e-04
-2.712252796492676740e-02 3.972019976447381095e-04
-2.702184442548892160e-02 1.913515765394697347e-04
-2.698163361436550778e-02 1.470224694011360868e-04
-2.697124710998612812e-02 1.428303728330479493e-04
-2.696932351465871486e-02 1.425859081457648647e-04
-2.695134960632488558e-02 1.450576904490801834e-04
-2.694158712270119937e-02 1.478832747273090649e-04
-2.693773597947936652e-02 1.487596329345577007e-04
-2.693663008891387239e-02 1.491797274661834456e-04
-2.693066315580710385e-02 1.515042594739874943e-04
-2.692963265097015474e-02 1.515625830646759374e-04
-2.692946029250329470e-02 1.516820509889549361e-04
-2.692907289298968748e-02 1.517717259792219229e-04
-2.692829994154455342e-02 1.520288183997629047e-04
-2.692805545900396266e-02 1.520907911720561893e-04
-2.692738567793418955e-02 1.521543182879930151e-04
-2.692633023884815485e-02 1.523902755657564076e-04
-2.692632662182809986e-02 1.523899546657796233e-04
-2.692610449412617332e-02 1.525010903161744431e-04
-2.692610449412617332e-02 1.525010903161744431e-04
-2.692556928015647430e-02 1.524997887109515616e-04
-2.692544245049333790e-02 1.524901598477312414e-04
-2.692456272076618889e-02 1.525169886351726166e-04
-2.692456272076618889e-02 1.525169886351726166e-04
-2.692452124427204344e-02 1.525458287228895714e-04
-2.692433402826096070e-02 1.525331707249640305e-04
-2.692409433489578729e-02 1.525199822386730144e-04
-2.692409433489578729e-02 1.525199822386730144e-04
-2.692407594372252591e-02 1.525327517095252292e-04
-2.692407594372252591e-02 1.525327517095252292e-04
-2.692405819453591587e-02 1.525450933414925999e-04
-2.687379811667096538e-02 6.002990476843140372e-05
-2.687379811667096538e-02 6.002990476843140372e-05
-2.687379811667096538e-02 6.002990476843140372e-05
-2.687379811667096538e-02 6.002990476843140372e-05
