-3.990942604380641467e-02
-2.773537815319318534e-02
-2.773537815319318534e-02
-2.696083657547894419e-02
-2.696083657547894419e-02
-2.693921598446903654e-02
-2.692401650657814949e-02
-2.692290164859369173e-02
-2.692290164859369173e-02
-2.691959426953638435e-02
-2.691623961391793884e-02
-2.691525381964356145e-02
-2.691525381964356145e-02
-2.691299841855764041e-02
-2.690548234342940437e-02
-2.690548234342940437e-02
-2.690548234342940437e-02
-2.690548234342940437e-02
-2.690548234342940437e-02
-2.690548234342940437e-02
-2.690257299477667730e-02
-2.690257299477667730e-02
-2.690257299477667730e-02
-2.689714374801932539e-02
-2.684982731773283282e-02
-2.684982731773283282e-02
-2.684982731773283282e-02
-2.684982731773283282e-02
-2.684982731773283282e-02
-2.684982731773283282e-02
-2.684982731773283282e-02
-2.684982731773283282e-02
-2.684982731773283282e-02
-2.684982731773283282e-02
-2.684982731773283282e-02
-2.684982731773283282e-02
-2.684982731773283282e-02
-2.684982731773283282e-02
-2.684982731773283282e-02
-2.684982731773283282e-02
-2.684982731773283282e-02
-2.684982731773283282e-02
-2.684982731773283282e-02
-2.684982731773283282e-02
-2.684982731773283282e-02
-2.684982731773283282e-02
-2.684982731773283282e-02
-2.684982731773283282e-02
