-5.765146363424359516e-02 1.577569138685862987e-02
-4.877549317563986686e-02 6.391406179409837331e-03
-4.399406450323010281e-02 4.717119367062467747e-03
-4.145278180790491068e-02 3.481983211777226958e-03
-4.086491603536676620e-02 3.421430370559117723e-03
-3.824375175462714493e-02 4.235522424471305572e-03
-3.714731627175815731e-02 4.980271788744082724e-03
-3.564659114368014942e-02 6.004488975645539718e-03
-3.453778470412854212e-02 5.412002485825183860e-03
-3.298584113439004262e-02 5.490510924431407820e-03
-3.147365762550538570e-02 4.727649388556695066e-03
-3.012690681134207529e-02 3.976637205249776257e-03
-2.981580159668129754e-02 4.164164939965532206e-03
-2.977208977048130881e-02 4.159689993806904226e-03
-2.972669038676429426e-02 4.180290857727925712e-03
-2.953599371850268440e-02 3.830806312342952685e-03
-2.855258724951309501e-02 3.078404178525706667e-03
-2.852229768122216402e-02 3.092826064393074548e-03
-2.850270336479525032e-02 3.100047965425656825e-03
-2.844976077742069134e-02 3.124397857927378990e-03
-2.830014619852144753e-02 3.142052059183070550e-03
-2.827367908545486141e-02 3.151086265444393453e-03
-2.827367908545486141e-02 3.151086265444393453e-03
-2.827367908545486141e-02 3.151086265444393453e-03
-2.827367908545486141e-02 3.151086265444393453e-03
-2.827367908545486141e-02 3.151086265444393453e-03
-2.827367908545486141e-02 3.151086265444393453e-03
-2.827367908545486141e-02 3.151086265444393453e-03
-2.827367908545486141e-02 3.151086265444393453e-03
-2.827367908545486141e-02 3.151086265444393453e-03
-2.827367908545486141e-02 3.151086265444393453e-03
-2.827367908545486141e-02 3.151086265444393453e-03
-2.827367908545486141e-02 3.151086265444393453e-03
-2.827367908545486141e-02 3.151086265444393453e-03
-2.827367908545486141e-02 3.151086265444393453e-03
-2.827367908545486141e-02 3.151086265444393453e-03
-2.827367908545486141e-02 3.151086265444393453e-03
-2.827367908545486141e-02 3.151086265444393453e-03
-2.827367908545486141e-02 3.151086265444393453e-03
-2.827367908545486141e-02 3.151086265444393453e-03
-2.827367908545486141e-02 3.151086265444393453e-03
-2.827367908545486141e-02 3.151086265444393453e-03
-2.827367908545486141e-02 3.151086265444393453e-03
-2.827367908545486141e-02 3.151086265444393453e-03
-2.827367908545486141e-02 3.151086265444393453e-03
-2.827367908545486141e-02 3.151086265444393453e-03
-2.827367908545486141e-02 3.151086265444393453e-03
-2.827367908545486141e-02 3.151086265444393453e-03
-2.827367908545486141e-02 3.151086265444393453e-03
-2.827367908545486141e-02 3.151086265444393453e-03
