-7.056822291717672335e-02
-4.800860658179262330e-02
-4.131244518773122265e-02
-4.131244518773122265e-02
-3.040942224213469269e-02
-3.003757386957708886e-02
-3.003757386957708886e-02
-2.899857517569683074e-02
-2.763512244691264386e-02
-2.715999835487628578e-02
-2.705988562405245434e-02
-2.702034749873546970e-02
-2.701179929744987329e-02
-2.700823126110693528e-02
-2.698970062737648945e-02
-2.698970062737648945e-02
-2.698698659181220094e-02
-2.698698659181220094e-02
-2.698610168174064849e-02
-2.698610168174064849e-02
-2.698140263381595960e-02
-2.698140263381595960e-02
-2.698140263381595960e-02
