-4.827223495677393506e-02
-4.827223495677393506e-02
-4.827223495677393506e-02
-3.661724831075598152e-02
-3.661724831075598152e-02
-3.661724831075598152e-02
-3.661724831075598152e-02
-3.661724831075598152e-02
-3.661724831075598152e-02
-3.525284635725918492e-02
-3.525284635725918492e-02
-3.525284635725918492e-02
-2.905644787138732255e-02
-2.905644787138732255e-02
-2.905644787138732255e-02
-2.905644787138732255e-02
-2.905644787138732255e-02
-2.905644787138732255e-02
-2.905644787138732255e-02
-2.905644787138732255e-02
-2.905644787138732255e-02
-2.905644787138732255e-02
-2.905644787138732255e-02
