-6.090406814944401837e-02
-6.090406814944401837e-02
-4.907642918908128316e-02
-3.032591574841368709e-02
-3.032591574841368709e-02
-3.032591574841368709e-02
-3.032591574841368709e-02
-3.032591574841368709e-02
-3.032591574841368709e-02
-2.888580272381870151e-02
-2.888580272381870151e-02
-2.888580272381870151e-02
-2.888580272381870151e-02
-2.888580272381870151e-02
-2.888580272381870151e-02
-2.888580272381870151e-02
-2.888580272381870151e-02
-2.888580272381870151e-02
-2.888580272381870151e-02
-2.888580272381870151e-02
-2.888580272381870151e-02
-2.681117204165434087e-02
-2.681117204165434087e-02
-2.681117204165434087e-02
-2.681117204165434087e-02
-2.681117204165434087e-02
-2.681117204165434087e-02
-2.681117204165434087e-02
-2.681117204165434087e-02
-2.681117204165434087e-02
-2.681117204165434087e-02
-2.681117204165434087e-02
-2.681117204165434087e-02
-2.681117204165434087e-02
-2.681117204165434087e-02
-2.681117204165434087e-02
-2.681117204165434087e-02
-2.681117204165434087e-02
-2.681117204165434087e-02
-2.681117204165434087e-02
-2.681117204165434087e-02
-2.681117204165434087e-02
-2.681117204165434087e-02
-2.681117204165434087e-02
-2.681117204165434087e-02
-2.681117204165434087e-02
-2.681117204165434087e-02
-2.681117204165434087e-02
-2.681117204165434087e-02
-2.681117204165434087e-02
-2.681117204165434087e-02
-2.681117204165434087e-02
-2.681117204165434087e-02
-2.681117204165434087e-02
-2.681117204165434087e-02
-2.681117204165434087e-02
-2.681117204165434087e-02
-2.681117204165434087e-02
-2.681117204165434087e-02
-2.681117204165434087e-02
-2.681117204165434087e-02
-2.681117204165434087e-02
-2.681117204165434087e-02
-2.681117204165434087e-02
-2.681117204165434087e-02
-2.681117204165434087e-02
-2.681117204165434087e-02
-2.681117204165434087e-02
-2.681117204165434087e-02
-2.681117204165434087e-02
-2.681117204165434087e-02
-2.681117204165434087e-02
-2.681117204165434087e-02
-2.681117204165434087e-02
-2.681117204165434087e-02
-2.681117204165434087e-02
