-9.484806813492670241e-02
-7.347898793886541158e-02
-5.471457487960026955e-02
-5.471457487960026955e-02
-5.471457487960026955e-02
-5.471457487960026955e-02
-5.471457487960026955e-02
-5.471457487960026955e-02
-5.471457487960026955e-02
-5.471457487960026955e-02
-5.471457487960026955e-02
-5.471457487960026955e-02
-5.471457487960026955e-02
-5.471457487960026955e-02
-5.471457487960026955e-02
-5.471457487960026955e-02
-3.548129278694953093e-02
-3.548129278694953093e-02
-3.548129278694953093e-02
-3.548129278694953093e-02
-3.548129278694953093e-02
-3.548129278694953093e-02
-3.548129278694953093e-02
-3.548129278694953093e-02
-3.548129278694953093e-02
-3.548129278694953093e-02
-3.548129278694953093e-02
-3.548129278694953093e-02
-3.548129278694953093e-02
-3.548129278694953093e-02
-3.548129278694953093e-02
-3.548129278694953093e-02
-3.548129278694953093e-02
-3.548129278694953093e-02
-3.548129278694953093e-02
-3.548129278694953093e-02
