-5.576631525295489000e-02 1.599903917823978367e-02
-5.349948111858769673e-02 1.121555854224070593e-02
-5.162303981266118391e-02 9.082802290399922054e-03
-5.162303981266118391e-02 9.082802290399922054e-03
-5.089936866517159875e-02 1.020608668631557171e-02
-5.089936866517159875e-02 1.020608668631557171e-02
-5.089936866517159875e-02 1.020608668631557171e-02
-4.996375055134991139e-02 8.812989767313832504e-03
-4.656526809430406449e-02 9.009067708971970484e-03
-4.570545372095026482e-02 7.934852429922744158e-03
-4.570545372095026482e-02 7.934852429922744158e-03
-4.500875149145442539e-02 8.291398264374699387e-03
-4.500875149145442539e-02 8.291398264374699387e-03
-4.500875149145442539e-02 8.291398264374699387e-03
-4.500875149145442539e-02 8.291398264374699387e-03
-4.500875149145442539e-02 8.291398264374699387e-03
-4.308542328218935291e-02 8.043944303035526280e-03
-4.040220851125284757e-02 7.283653458352577423e-03
-4.040220851125284757e-02 7.283653458352577423e-03
-4.040220851125284757e-02 7.283653458352577423e-03
-4.040220851125284757e-02 7.283653458352577423e-03
-4.040220851125284757e-02 7.283653458352577423e-03
-4.040220851125284757e-02 7.283653458352577423e-03
-4.040220851125284757e-02 7.283653458352577423e-03
-3.913014344710945974e-02 5.985879099851699331e-03
-3.913014344710945974e-02 5.985879099851699331e-03
-3.913014344710945974e-02 5.985879099851699331e-03
-3.913014344710945974e-02 5.985879099851699331e-03
-3.913014344710945974e-02 5.985879099851699331e-03
-3.913014344710945974e-02 5.985879099851699331e-03
-3.852962951354341192e-02 5.616923923990133766e-03
-3.852962951354341192e-02 5.616923923990133766e-03
-3.852962951354341192e-02 5.616923923990133766e-03
-3.852962951354341192e-02 5.616923923990133766e-03
-3.836829961485840879e-02 5.590463222519885707e-03
-3.836829961485840879e-02 5.590463222519885707e-03
-3.836829961485840879e-02 5.590463222519885707e-03
-3.836829961485840879e-02 5.590463222519885707e-03
-3.836829961485840879e-02 5.590463222519885707e-03
-3.836829961485840879e-02 5.590463222519885707e-03
-3.836829961485840879e-02 5.590463222519885707e-03
-3.836829961485840879e-02 5.590463222519885707e-03
-3.836829961485840879e-02 5.590463222519885707e-03
-3.836829961485840879e-02 5.590463222519885707e-03
-3.794085491852079023e-02 5.699909521790637139e-03
-3.794085491852079023e-02 5.699909521790637139e-03
-3.794085491852079023e-02 5.699909521790637139e-03
-3.794085491852079023e-02 5.699909521790637139e-03
-3.794085491852079023e-02 5.699909521790637139e-03
-3.786807490153452915e-02 5.573980621641266321e-03
