-4.827223495677393506e-02
-4.827223495677393506e-02
-4.827223495677393506e-02
-4.827223495677393506e-02
-4.827223495677393506e-02
-4.827223495677393506e-02
-4.827223495677393506e-02
-4.827223495677393506e-02
-4.827223495677393506e-02
-4.827223495677393506e-02
-4.827223495677393506e-02
-4.827223495677393506e-02
-4.827223495677393506e-02
-4.827223495677393506e-02
-4.827223495677393506e-02
-4.827223495677393506e-02
-4.827223495677393506e-02
-4.827223495677393506e-02
-4.827223495677393506e-02
-4.827223495677393506e-02
-4.827223495677393506e-02
-4.827223495677393506e-02
-4.827223495677393506e-02
