3.097324518507068025e-01
3.097324518507068025e-01
3.097324518507068025e-01
3.097324518507068025e-01
3.097324518507068025e-01
3.097324518507068025e-01
3.097324518507068025e-01
3.097324518507068025e-01
3.097324518507068025e-01
3.097324518507068025e-01
3.097324518507068025e-01
3.097324518507068025e-01
3.097324518507068025e-01
3.097324518507068025e-01
3.097324518507068025e-01
3.097324518507068025e-01
3.097324518507068025e-01
3.097324518507068025e-01
3.097324518507068025e-01
3.097324518507068025e-01
3.097324518507068025e-01
3.097324518507068025e-01
3.097324518507068025e-01
3.097324518507068025e-01
3.097324518507068025e-01
3.097324518507068025e-01
3.097324518507068025e-01
3.097324518507068025e-01
3.097324518507068025e-01
3.097324518507068025e-01
3.097324518507068025e-01
3.097324518507068025e-01
3.097324518507068025e-01
3.097324518507068025e-01
3.097324518507068025e-01
3.097324518507068025e-01
3.097324518507068025e-01
