2.657999999999999918e+00
3.435999999999999943e+00
3.561999999999999833e+00
3.561999999999999833e+00
3.561999999999999833e+00
4.006000000000000227e+00
4.006000000000000227e+00
4.006000000000000227e+00
4.793999999999999595e+00
4.793999999999999595e+00
4.793999999999999595e+00
4.793999999999999595e+00
4.793999999999999595e+00
4.793999999999999595e+00
4.793999999999999595e+00
4.793999999999999595e+00
4.793999999999999595e+00
4.793999999999999595e+00
4.793999999999999595e+00
4.793999999999999595e+00
4.793999999999999595e+00
4.793999999999999595e+00
4.793999999999999595e+00
4.793999999999999595e+00
4.793999999999999595e+00
4.793999999999999595e+00
4.793999999999999595e+00
4.793999999999999595e+00
4.793999999999999595e+00
4.793999999999999595e+00
4.793999999999999595e+00
4.793999999999999595e+00
4.793999999999999595e+00
4.793999999999999595e+00
4.793999999999999595e+00
4.793999999999999595e+00
4.793999999999999595e+00
4.793999999999999595e+00
4.793999999999999595e+00
4.793999999999999595e+00
4.793999999999999595e+00
4.793999999999999595e+00
4.793999999999999595e+00
4.793999999999999595e+00
4.793999999999999595e+00
4.793999999999999595e+00
4.793999999999999595e+00
4.793999999999999595e+00
4.812000000000000277e+00
4.812000000000000277e+00
4.812000000000000277e+00
