2.386000000000000121e+00
2.386000000000000121e+00
2.386000000000000121e+00
2.386000000000000121e+00
2.422000000000000153e+00
2.422000000000000153e+00
2.422000000000000153e+00
2.486000000000000210e+00
2.533999999999999808e+00
2.533999999999999808e+00
2.533999999999999808e+00
2.533999999999999808e+00
2.533999999999999808e+00
2.609999999999999876e+00
2.609999999999999876e+00
2.609999999999999876e+00
2.609999999999999876e+00
2.609999999999999876e+00
2.609999999999999876e+00
2.609999999999999876e+00
2.609999999999999876e+00
2.609999999999999876e+00
2.609999999999999876e+00
2.609999999999999876e+00
2.609999999999999876e+00
2.609999999999999876e+00
2.609999999999999876e+00
2.609999999999999876e+00
2.609999999999999876e+00
2.609999999999999876e+00
2.609999999999999876e+00
2.609999999999999876e+00
2.609999999999999876e+00
2.609999999999999876e+00
2.609999999999999876e+00
2.609999999999999876e+00
2.609999999999999876e+00
2.609999999999999876e+00
2.609999999999999876e+00
2.609999999999999876e+00
2.609999999999999876e+00
2.609999999999999876e+00
2.609999999999999876e+00
2.609999999999999876e+00
2.609999999999999876e+00
2.609999999999999876e+00
2.609999999999999876e+00
2.609999999999999876e+00
2.609999999999999876e+00
2.609999999999999876e+00
2.609999999999999876e+00
2.609999999999999876e+00
2.609999999999999876e+00
2.609999999999999876e+00
2.609999999999999876e+00
2.609999999999999876e+00
2.609999999999999876e+00
2.609999999999999876e+00
2.609999999999999876e+00
2.609999999999999876e+00
2.609999999999999876e+00
2.609999999999999876e+00
2.609999999999999876e+00
2.609999999999999876e+00
2.609999999999999876e+00
2.609999999999999876e+00
2.609999999999999876e+00
2.609999999999999876e+00
2.609999999999999876e+00
2.609999999999999876e+00
2.609999999999999876e+00
2.609999999999999876e+00
2.609999999999999876e+00
2.609999999999999876e+00
