3.311999999999999833e+00
3.311999999999999833e+00
4.330000000000000071e+00
4.679999999999999716e+00
5.051999999999999602e+00
5.051999999999999602e+00
5.051999999999999602e+00
5.051999999999999602e+00
5.051999999999999602e+00
5.051999999999999602e+00
5.051999999999999602e+00
5.051999999999999602e+00
5.051999999999999602e+00
5.051999999999999602e+00
5.051999999999999602e+00
5.051999999999999602e+00
5.051999999999999602e+00
5.051999999999999602e+00
5.051999999999999602e+00
5.051999999999999602e+00
5.051999999999999602e+00
5.051999999999999602e+00
5.051999999999999602e+00
5.051999999999999602e+00
5.051999999999999602e+00
5.051999999999999602e+00
5.051999999999999602e+00
5.051999999999999602e+00
5.051999999999999602e+00
5.051999999999999602e+00
5.051999999999999602e+00
5.051999999999999602e+00
5.051999999999999602e+00
5.051999999999999602e+00
5.051999999999999602e+00
5.051999999999999602e+00
5.051999999999999602e+00
5.051999999999999602e+00
5.051999999999999602e+00
5.051999999999999602e+00
5.051999999999999602e+00
5.051999999999999602e+00
5.051999999999999602e+00
5.051999999999999602e+00
5.051999999999999602e+00
5.051999999999999602e+00
5.051999999999999602e+00
5.051999999999999602e+00
5.051999999999999602e+00
5.051999999999999602e+00
5.051999999999999602e+00
