4.748000000000000220e+00
4.894000000000000128e+00
4.894000000000000128e+00
4.894000000000000128e+00
4.980000000000000426e+00
4.980000000000000426e+00
4.980000000000000426e+00
4.980000000000000426e+00
4.980000000000000426e+00
4.980000000000000426e+00
4.980000000000000426e+00
4.980000000000000426e+00
4.980000000000000426e+00
4.980000000000000426e+00
4.980000000000000426e+00
4.980000000000000426e+00
4.980000000000000426e+00
4.980000000000000426e+00
4.980000000000000426e+00
4.980000000000000426e+00
4.980000000000000426e+00
4.980000000000000426e+00
4.980000000000000426e+00
4.980000000000000426e+00
4.980000000000000426e+00
4.996000000000000441e+00
4.996000000000000441e+00
4.996000000000000441e+00
4.996000000000000441e+00
4.996000000000000441e+00
5.017999999999999794e+00
5.017999999999999794e+00
5.017999999999999794e+00
5.017999999999999794e+00
5.017999999999999794e+00
5.017999999999999794e+00
5.017999999999999794e+00
5.017999999999999794e+00
5.017999999999999794e+00
5.017999999999999794e+00
5.017999999999999794e+00
5.017999999999999794e+00
5.017999999999999794e+00
5.017999999999999794e+00
5.017999999999999794e+00
5.017999999999999794e+00
5.017999999999999794e+00
5.017999999999999794e+00
5.017999999999999794e+00
5.017999999999999794e+00
5.017999999999999794e+00
