3.306000000000000050e+00
3.564000000000000057e+00
3.564000000000000057e+00
3.926000000000000156e+00
3.926000000000000156e+00
3.974000000000000199e+00
3.974000000000000199e+00
3.974000000000000199e+00
4.041999999999999815e+00
4.041999999999999815e+00
4.041999999999999815e+00
4.041999999999999815e+00
4.041999999999999815e+00
4.041999999999999815e+00
4.041999999999999815e+00
4.041999999999999815e+00
4.041999999999999815e+00
4.041999999999999815e+00
4.041999999999999815e+00
4.041999999999999815e+00
4.041999999999999815e+00
4.041999999999999815e+00
4.041999999999999815e+00
4.041999999999999815e+00
4.041999999999999815e+00
4.041999999999999815e+00
4.041999999999999815e+00
4.041999999999999815e+00
4.041999999999999815e+00
4.041999999999999815e+00
4.041999999999999815e+00
4.041999999999999815e+00
4.041999999999999815e+00
4.041999999999999815e+00
4.041999999999999815e+00
4.041999999999999815e+00
4.041999999999999815e+00
4.041999999999999815e+00
4.041999999999999815e+00
4.041999999999999815e+00
4.041999999999999815e+00
4.041999999999999815e+00
4.041999999999999815e+00
4.041999999999999815e+00
4.041999999999999815e+00
4.041999999999999815e+00
4.041999999999999815e+00
4.041999999999999815e+00
4.041999999999999815e+00
4.041999999999999815e+00
4.041999999999999815e+00
