1.820000000000000062e+00
1.820000000000000062e+00
1.820000000000000062e+00
1.820000000000000062e+00
1.820000000000000062e+00
1.820000000000000062e+00
2.197999999999999954e+00
2.298000000000000043e+00
2.298000000000000043e+00
2.298000000000000043e+00
2.298000000000000043e+00
2.330000000000000071e+00
2.330000000000000071e+00
2.394000000000000128e+00
2.394000000000000128e+00
2.418000000000000149e+00
2.418000000000000149e+00
2.418000000000000149e+00
2.418000000000000149e+00
2.418000000000000149e+00
2.418000000000000149e+00
2.418000000000000149e+00
2.418000000000000149e+00
2.418000000000000149e+00
2.418000000000000149e+00
2.418000000000000149e+00
2.418000000000000149e+00
2.458000000000000185e+00
2.458000000000000185e+00
2.458000000000000185e+00
2.458000000000000185e+00
2.458000000000000185e+00
2.458000000000000185e+00
2.458000000000000185e+00
2.458000000000000185e+00
2.458000000000000185e+00
2.458000000000000185e+00
2.458000000000000185e+00
2.458000000000000185e+00
2.458000000000000185e+00
2.462000000000000188e+00
2.462000000000000188e+00
2.565999999999999837e+00
2.565999999999999837e+00
2.565999999999999837e+00
2.565999999999999837e+00
2.565999999999999837e+00
2.565999999999999837e+00
2.565999999999999837e+00
2.592000000000000082e+00
2.592000000000000082e+00
2.592000000000000082e+00
2.592000000000000082e+00
2.592000000000000082e+00
2.592000000000000082e+00
2.592000000000000082e+00
2.592000000000000082e+00
2.592000000000000082e+00
2.592000000000000082e+00
2.592000000000000082e+00
2.592000000000000082e+00
2.592000000000000082e+00
2.592000000000000082e+00
2.592000000000000082e+00
2.592000000000000082e+00
2.592000000000000082e+00
2.592000000000000082e+00
2.592000000000000082e+00
2.592000000000000082e+00
2.592000000000000082e+00
2.592000000000000082e+00
2.592000000000000082e+00
2.592000000000000082e+00
2.592000000000000082e+00
