1.985999999999999988e+00
1.985999999999999988e+00
2.137999999999999901e+00
2.251999999999999780e+00
2.251999999999999780e+00
2.251999999999999780e+00
2.251999999999999780e+00
2.251999999999999780e+00
2.251999999999999780e+00
2.251999999999999780e+00
2.251999999999999780e+00
2.251999999999999780e+00
2.335999999999999854e+00
2.335999999999999854e+00
2.335999999999999854e+00
2.335999999999999854e+00
2.335999999999999854e+00
2.335999999999999854e+00
2.335999999999999854e+00
2.335999999999999854e+00
2.335999999999999854e+00
2.335999999999999854e+00
2.335999999999999854e+00
2.335999999999999854e+00
2.335999999999999854e+00
2.335999999999999854e+00
2.335999999999999854e+00
2.335999999999999854e+00
2.335999999999999854e+00
2.335999999999999854e+00
2.335999999999999854e+00
2.335999999999999854e+00
2.335999999999999854e+00
2.335999999999999854e+00
2.335999999999999854e+00
2.335999999999999854e+00
2.335999999999999854e+00
2.335999999999999854e+00
2.335999999999999854e+00
2.335999999999999854e+00
2.335999999999999854e+00
2.335999999999999854e+00
2.335999999999999854e+00
2.335999999999999854e+00
2.335999999999999854e+00
2.335999999999999854e+00
2.335999999999999854e+00
2.335999999999999854e+00
2.335999999999999854e+00
2.335999999999999854e+00
2.335999999999999854e+00
2.335999999999999854e+00
2.335999999999999854e+00
2.335999999999999854e+00
2.335999999999999854e+00
2.335999999999999854e+00
2.335999999999999854e+00
2.335999999999999854e+00
2.335999999999999854e+00
2.335999999999999854e+00
2.335999999999999854e+00
2.335999999999999854e+00
2.335999999999999854e+00
2.335999999999999854e+00
2.335999999999999854e+00
2.335999999999999854e+00
2.335999999999999854e+00
2.335999999999999854e+00
2.335999999999999854e+00
2.335999999999999854e+00
2.335999999999999854e+00
2.335999999999999854e+00
2.335999999999999854e+00
2.335999999999999854e+00
2.335999999999999854e+00
