4.828000000000000291e+00
4.828000000000000291e+00
4.828000000000000291e+00
4.828000000000000291e+00
4.828000000000000291e+00
4.828000000000000291e+00
4.828000000000000291e+00
4.828000000000000291e+00
4.828000000000000291e+00
4.828000000000000291e+00
4.828000000000000291e+00
4.828000000000000291e+00
4.828000000000000291e+00
4.828000000000000291e+00
4.828000000000000291e+00
4.828000000000000291e+00
4.828000000000000291e+00
4.828000000000000291e+00
4.828000000000000291e+00
4.828000000000000291e+00
4.828000000000000291e+00
4.828000000000000291e+00
4.828000000000000291e+00
4.828000000000000291e+00
4.921999999999999709e+00
4.921999999999999709e+00
4.921999999999999709e+00
4.921999999999999709e+00
4.921999999999999709e+00
4.921999999999999709e+00
4.921999999999999709e+00
4.921999999999999709e+00
4.921999999999999709e+00
4.921999999999999709e+00
4.921999999999999709e+00
4.921999999999999709e+00
4.921999999999999709e+00
4.921999999999999709e+00
4.921999999999999709e+00
4.921999999999999709e+00
4.921999999999999709e+00
4.921999999999999709e+00
4.921999999999999709e+00
4.921999999999999709e+00
4.921999999999999709e+00
4.921999999999999709e+00
4.921999999999999709e+00
4.921999999999999709e+00
4.921999999999999709e+00
4.921999999999999709e+00
4.921999999999999709e+00
