3.505999999999999783e+00
4.951999999999999957e+00
4.951999999999999957e+00
4.951999999999999957e+00
4.951999999999999957e+00
4.951999999999999957e+00
5.033999999999999808e+00
5.033999999999999808e+00
5.033999999999999808e+00
5.033999999999999808e+00
5.033999999999999808e+00
5.033999999999999808e+00
5.033999999999999808e+00
5.033999999999999808e+00
5.033999999999999808e+00
5.033999999999999808e+00
5.033999999999999808e+00
5.033999999999999808e+00
5.033999999999999808e+00
5.033999999999999808e+00
5.033999999999999808e+00
5.033999999999999808e+00
5.033999999999999808e+00
5.033999999999999808e+00
5.033999999999999808e+00
5.033999999999999808e+00
5.033999999999999808e+00
5.033999999999999808e+00
5.033999999999999808e+00
5.033999999999999808e+00
5.033999999999999808e+00
5.033999999999999808e+00
5.033999999999999808e+00
5.033999999999999808e+00
5.033999999999999808e+00
5.033999999999999808e+00
5.033999999999999808e+00
5.033999999999999808e+00
5.033999999999999808e+00
5.033999999999999808e+00
5.033999999999999808e+00
5.033999999999999808e+00
5.033999999999999808e+00
5.033999999999999808e+00
5.033999999999999808e+00
5.033999999999999808e+00
5.033999999999999808e+00
5.033999999999999808e+00
5.033999999999999808e+00
5.033999999999999808e+00
5.033999999999999808e+00
