2.386000000000000121e+00
2.386000000000000121e+00
2.386000000000000121e+00
2.386000000000000121e+00
2.386000000000000121e+00
2.386000000000000121e+00
2.386000000000000121e+00
2.386000000000000121e+00
2.386000000000000121e+00
2.386000000000000121e+00
2.386000000000000121e+00
2.386000000000000121e+00
2.386000000000000121e+00
2.386000000000000121e+00
2.386000000000000121e+00
2.386000000000000121e+00
2.386000000000000121e+00
2.386000000000000121e+00
2.386000000000000121e+00
2.386000000000000121e+00
2.386000000000000121e+00
2.386000000000000121e+00
2.386000000000000121e+00
2.386000000000000121e+00
2.386000000000000121e+00
2.386000000000000121e+00
2.386000000000000121e+00
2.386000000000000121e+00
2.386000000000000121e+00
2.386000000000000121e+00
2.386000000000000121e+00
2.386000000000000121e+00
2.386000000000000121e+00
2.386000000000000121e+00
2.386000000000000121e+00
2.386000000000000121e+00
2.386000000000000121e+00
2.386000000000000121e+00
2.386000000000000121e+00
2.386000000000000121e+00
2.386000000000000121e+00
2.386000000000000121e+00
2.386000000000000121e+00
2.386000000000000121e+00
2.386000000000000121e+00
2.386000000000000121e+00
2.386000000000000121e+00
2.386000000000000121e+00
2.386000000000000121e+00
2.386000000000000121e+00
2.386000000000000121e+00
2.386000000000000121e+00
2.386000000000000121e+00
2.386000000000000121e+00
2.386000000000000121e+00
2.386000000000000121e+00
2.386000000000000121e+00
2.386000000000000121e+00
2.386000000000000121e+00
2.386000000000000121e+00
2.386000000000000121e+00
2.386000000000000121e+00
2.386000000000000121e+00
2.386000000000000121e+00
2.386000000000000121e+00
2.386000000000000121e+00
2.386000000000000121e+00
2.386000000000000121e+00
2.386000000000000121e+00
2.386000000000000121e+00
2.386000000000000121e+00
2.386000000000000121e+00
2.386000000000000121e+00
2.386000000000000121e+00
