2.129999999999999893e+00
2.129999999999999893e+00
2.129999999999999893e+00
2.129999999999999893e+00
2.129999999999999893e+00
2.129999999999999893e+00
2.129999999999999893e+00
2.129999999999999893e+00
2.129999999999999893e+00
2.129999999999999893e+00
2.129999999999999893e+00
2.129999999999999893e+00
2.129999999999999893e+00
2.129999999999999893e+00
2.129999999999999893e+00
2.129999999999999893e+00
2.129999999999999893e+00
2.129999999999999893e+00
2.129999999999999893e+00
2.129999999999999893e+00
2.129999999999999893e+00
2.129999999999999893e+00
2.129999999999999893e+00
2.129999999999999893e+00
2.129999999999999893e+00
2.129999999999999893e+00
2.129999999999999893e+00
2.129999999999999893e+00
2.129999999999999893e+00
2.129999999999999893e+00
2.129999999999999893e+00
2.129999999999999893e+00
2.129999999999999893e+00
2.129999999999999893e+00
2.129999999999999893e+00
2.129999999999999893e+00
2.129999999999999893e+00
2.129999999999999893e+00
2.129999999999999893e+00
2.129999999999999893e+00
2.129999999999999893e+00
2.129999999999999893e+00
2.129999999999999893e+00
2.129999999999999893e+00
2.129999999999999893e+00
2.129999999999999893e+00
2.129999999999999893e+00
2.129999999999999893e+00
2.129999999999999893e+00
2.129999999999999893e+00
2.129999999999999893e+00
2.129999999999999893e+00
2.129999999999999893e+00
2.129999999999999893e+00
2.129999999999999893e+00
2.129999999999999893e+00
2.129999999999999893e+00
2.129999999999999893e+00
2.129999999999999893e+00
2.129999999999999893e+00
2.129999999999999893e+00
2.129999999999999893e+00
2.129999999999999893e+00
2.129999999999999893e+00
2.129999999999999893e+00
2.129999999999999893e+00
2.129999999999999893e+00
2.129999999999999893e+00
2.129999999999999893e+00
2.129999999999999893e+00
2.129999999999999893e+00
2.129999999999999893e+00
2.129999999999999893e+00
2.129999999999999893e+00
