1.528000000000000025e+00
1.528000000000000025e+00
1.528000000000000025e+00
1.528000000000000025e+00
1.528000000000000025e+00
1.550000000000000044e+00
1.770000000000000018e+00
1.842000000000000082e+00
1.941999999999999948e+00
1.941999999999999948e+00
1.979999999999999982e+00
1.979999999999999982e+00
2.065999999999999837e+00
2.065999999999999837e+00
2.193999999999999950e+00
2.294000000000000039e+00
2.395999999999999908e+00
2.395999999999999908e+00
2.395999999999999908e+00
2.447999999999999954e+00
2.447999999999999954e+00
2.447999999999999954e+00
2.447999999999999954e+00
2.447999999999999954e+00
2.447999999999999954e+00
2.447999999999999954e+00
2.447999999999999954e+00
2.494000000000000217e+00
2.494000000000000217e+00
2.494000000000000217e+00
2.494000000000000217e+00
2.494000000000000217e+00
2.494000000000000217e+00
2.494000000000000217e+00
2.494000000000000217e+00
2.494000000000000217e+00
2.494000000000000217e+00
2.494000000000000217e+00
2.494000000000000217e+00
2.494000000000000217e+00
2.494000000000000217e+00
2.494000000000000217e+00
2.494000000000000217e+00
2.494000000000000217e+00
2.494000000000000217e+00
2.494000000000000217e+00
2.494000000000000217e+00
2.494000000000000217e+00
2.494000000000000217e+00
2.494000000000000217e+00
2.494000000000000217e+00
2.494000000000000217e+00
2.494000000000000217e+00
2.494000000000000217e+00
2.494000000000000217e+00
2.494000000000000217e+00
2.494000000000000217e+00
2.494000000000000217e+00
2.494000000000000217e+00
2.494000000000000217e+00
2.494000000000000217e+00
2.494000000000000217e+00
2.494000000000000217e+00
2.494000000000000217e+00
2.494000000000000217e+00
