4.203999999999999737e+00
4.525999999999999801e+00
4.910000000000000142e+00
4.910000000000000142e+00
4.910000000000000142e+00
4.918000000000000149e+00
4.918000000000000149e+00
4.918000000000000149e+00
4.918000000000000149e+00
5.016000000000000014e+00
5.016000000000000014e+00
5.016000000000000014e+00
5.016000000000000014e+00
5.016000000000000014e+00
5.016000000000000014e+00
5.016000000000000014e+00
5.016000000000000014e+00
5.016000000000000014e+00
5.016000000000000014e+00
5.016000000000000014e+00
5.016000000000000014e+00
5.016000000000000014e+00
5.016000000000000014e+00
5.016000000000000014e+00
5.016000000000000014e+00
5.016000000000000014e+00
5.016000000000000014e+00
5.016000000000000014e+00
5.016000000000000014e+00
5.016000000000000014e+00
5.016000000000000014e+00
5.016000000000000014e+00
5.016000000000000014e+00
5.016000000000000014e+00
5.016000000000000014e+00
5.016000000000000014e+00
5.016000000000000014e+00
5.016000000000000014e+00
5.016000000000000014e+00
5.016000000000000014e+00
5.016000000000000014e+00
5.016000000000000014e+00
5.016000000000000014e+00
5.016000000000000014e+00
5.016000000000000014e+00
5.016000000000000014e+00
5.016000000000000014e+00
5.016000000000000014e+00
5.016000000000000014e+00
5.016000000000000014e+00
5.016000000000000014e+00
