4.610000000000000320e+00
4.910000000000000142e+00
4.910000000000000142e+00
4.935999999999999943e+00
4.977999999999999758e+00
4.977999999999999758e+00
4.977999999999999758e+00
4.977999999999999758e+00
4.977999999999999758e+00
4.977999999999999758e+00
4.977999999999999758e+00
4.977999999999999758e+00
4.977999999999999758e+00
4.977999999999999758e+00
4.977999999999999758e+00
4.977999999999999758e+00
4.977999999999999758e+00
4.977999999999999758e+00
5.016000000000000014e+00
5.016000000000000014e+00
5.016000000000000014e+00
5.016000000000000014e+00
5.016000000000000014e+00
5.016000000000000014e+00
5.016000000000000014e+00
5.016000000000000014e+00
5.016000000000000014e+00
5.016000000000000014e+00
5.016000000000000014e+00
5.016000000000000014e+00
5.016000000000000014e+00
5.016000000000000014e+00
5.016000000000000014e+00
5.016000000000000014e+00
5.016000000000000014e+00
5.016000000000000014e+00
5.016000000000000014e+00
5.016000000000000014e+00
5.016000000000000014e+00
5.016000000000000014e+00
5.016000000000000014e+00
5.016000000000000014e+00
5.016000000000000014e+00
5.016000000000000014e+00
5.016000000000000014e+00
5.016000000000000014e+00
5.016000000000000014e+00
5.016000000000000014e+00
5.016000000000000014e+00
5.016000000000000014e+00
5.016000000000000014e+00
