4.427999999999999936e+00
4.427999999999999936e+00
4.427999999999999936e+00
4.759999999999999787e+00
4.759999999999999787e+00
4.759999999999999787e+00
4.759999999999999787e+00
4.759999999999999787e+00
4.759999999999999787e+00
4.759999999999999787e+00
4.759999999999999787e+00
4.759999999999999787e+00
4.900000000000000355e+00
4.900000000000000355e+00
4.900000000000000355e+00
4.900000000000000355e+00
4.900000000000000355e+00
4.900000000000000355e+00
4.900000000000000355e+00
4.900000000000000355e+00
4.900000000000000355e+00
4.900000000000000355e+00
4.900000000000000355e+00
4.900000000000000355e+00
4.900000000000000355e+00
4.900000000000000355e+00
4.900000000000000355e+00
4.900000000000000355e+00
4.900000000000000355e+00
4.900000000000000355e+00
4.900000000000000355e+00
4.900000000000000355e+00
4.900000000000000355e+00
4.900000000000000355e+00
4.900000000000000355e+00
4.900000000000000355e+00
4.900000000000000355e+00
4.900000000000000355e+00
4.900000000000000355e+00
4.900000000000000355e+00
4.900000000000000355e+00
4.900000000000000355e+00
4.900000000000000355e+00
4.900000000000000355e+00
4.900000000000000355e+00
4.900000000000000355e+00
4.900000000000000355e+00
4.900000000000000355e+00
4.900000000000000355e+00
4.900000000000000355e+00
4.900000000000000355e+00
