1.528000000000000025e+00
1.528000000000000025e+00
1.528000000000000025e+00
1.528000000000000025e+00
1.528000000000000025e+00
1.528000000000000025e+00
1.528000000000000025e+00
1.778000000000000025e+00
1.778000000000000025e+00
1.778000000000000025e+00
1.778000000000000025e+00
1.784000000000000030e+00
1.784000000000000030e+00
1.784000000000000030e+00
1.810000000000000053e+00
1.810000000000000053e+00
1.810000000000000053e+00
1.810000000000000053e+00
1.887999999999999901e+00
1.887999999999999901e+00
1.887999999999999901e+00
1.887999999999999901e+00
1.887999999999999901e+00
1.887999999999999901e+00
1.923999999999999932e+00
1.923999999999999932e+00
1.923999999999999932e+00
1.923999999999999932e+00
1.923999999999999932e+00
1.923999999999999932e+00
1.923999999999999932e+00
1.923999999999999932e+00
1.923999999999999932e+00
1.923999999999999932e+00
1.923999999999999932e+00
1.923999999999999932e+00
1.923999999999999932e+00
1.923999999999999932e+00
1.923999999999999932e+00
1.923999999999999932e+00
1.923999999999999932e+00
1.923999999999999932e+00
1.923999999999999932e+00
1.923999999999999932e+00
1.923999999999999932e+00
1.923999999999999932e+00
1.923999999999999932e+00
1.923999999999999932e+00
1.923999999999999932e+00
1.923999999999999932e+00
1.923999999999999932e+00
1.923999999999999932e+00
1.923999999999999932e+00
1.923999999999999932e+00
1.923999999999999932e+00
1.923999999999999932e+00
1.923999999999999932e+00
1.923999999999999932e+00
1.923999999999999932e+00
1.923999999999999932e+00
1.923999999999999932e+00
1.923999999999999932e+00
1.923999999999999932e+00
1.923999999999999932e+00
1.923999999999999932e+00
