2.129999999999999893e+00
2.129999999999999893e+00
2.129999999999999893e+00
2.132000000000000117e+00
2.132000000000000117e+00
2.133999999999999897e+00
2.133999999999999897e+00
2.379999999999999893e+00
2.470000000000000195e+00
2.470000000000000195e+00
2.470000000000000195e+00
2.470000000000000195e+00
2.470000000000000195e+00
2.470000000000000195e+00
2.470000000000000195e+00
2.470000000000000195e+00
2.470000000000000195e+00
2.470000000000000195e+00
2.470000000000000195e+00
2.470000000000000195e+00
2.470000000000000195e+00
2.470000000000000195e+00
2.470000000000000195e+00
2.470000000000000195e+00
2.470000000000000195e+00
2.470000000000000195e+00
2.470000000000000195e+00
2.470000000000000195e+00
2.520000000000000018e+00
2.520000000000000018e+00
2.520000000000000018e+00
2.520000000000000018e+00
2.520000000000000018e+00
2.520000000000000018e+00
2.520000000000000018e+00
2.520000000000000018e+00
2.520000000000000018e+00
2.520000000000000018e+00
2.520000000000000018e+00
2.520000000000000018e+00
2.520000000000000018e+00
2.533999999999999808e+00
2.533999999999999808e+00
2.533999999999999808e+00
2.533999999999999808e+00
2.533999999999999808e+00
2.533999999999999808e+00
2.533999999999999808e+00
2.533999999999999808e+00
2.533999999999999808e+00
2.533999999999999808e+00
2.533999999999999808e+00
2.533999999999999808e+00
2.533999999999999808e+00
2.533999999999999808e+00
2.533999999999999808e+00
2.533999999999999808e+00
2.533999999999999808e+00
2.533999999999999808e+00
2.533999999999999808e+00
2.533999999999999808e+00
2.533999999999999808e+00
2.533999999999999808e+00
2.533999999999999808e+00
2.533999999999999808e+00
2.533999999999999808e+00
2.533999999999999808e+00
2.533999999999999808e+00
2.536000000000000032e+00
2.536000000000000032e+00
2.536000000000000032e+00
2.536000000000000032e+00
2.536000000000000032e+00
2.536000000000000032e+00
