4.790000000000000036e+00
4.790000000000000036e+00
4.974000000000000199e+00
4.974000000000000199e+00
4.974000000000000199e+00
5.016000000000000014e+00
5.016000000000000014e+00
5.016000000000000014e+00
5.016000000000000014e+00
5.016000000000000014e+00
5.016000000000000014e+00
5.016000000000000014e+00
5.016000000000000014e+00
5.016000000000000014e+00
5.016000000000000014e+00
5.016000000000000014e+00
5.016000000000000014e+00
5.016000000000000014e+00
5.016000000000000014e+00
5.016000000000000014e+00
5.016000000000000014e+00
5.016000000000000014e+00
5.016000000000000014e+00
5.016000000000000014e+00
5.016000000000000014e+00
5.016000000000000014e+00
5.016000000000000014e+00
5.016000000000000014e+00
5.016000000000000014e+00
5.016000000000000014e+00
5.016000000000000014e+00
5.016000000000000014e+00
5.016000000000000014e+00
5.016000000000000014e+00
5.016000000000000014e+00
5.016000000000000014e+00
5.016000000000000014e+00
5.016000000000000014e+00
5.016000000000000014e+00
5.016000000000000014e+00
5.016000000000000014e+00
5.016000000000000014e+00
5.016000000000000014e+00
5.016000000000000014e+00
5.016000000000000014e+00
5.016000000000000014e+00
5.016000000000000014e+00
5.016000000000000014e+00
5.016000000000000014e+00
5.016000000000000014e+00
5.016000000000000014e+00
