3.311999999999999833e+00
3.311999999999999833e+00
3.685999999999999943e+00
3.966000000000000192e+00
4.532000000000000028e+00
4.700000000000000178e+00
4.700000000000000178e+00
4.700000000000000178e+00
4.700000000000000178e+00
4.700000000000000178e+00
4.700000000000000178e+00
4.700000000000000178e+00
4.700000000000000178e+00
4.700000000000000178e+00
4.700000000000000178e+00
4.700000000000000178e+00
4.700000000000000178e+00
4.700000000000000178e+00
4.700000000000000178e+00
4.700000000000000178e+00
4.700000000000000178e+00
4.700000000000000178e+00
4.700000000000000178e+00
4.700000000000000178e+00
4.700000000000000178e+00
4.700000000000000178e+00
4.700000000000000178e+00
4.700000000000000178e+00
4.700000000000000178e+00
4.700000000000000178e+00
4.700000000000000178e+00
4.700000000000000178e+00
4.700000000000000178e+00
4.700000000000000178e+00
4.700000000000000178e+00
4.700000000000000178e+00
4.700000000000000178e+00
4.700000000000000178e+00
4.700000000000000178e+00
4.700000000000000178e+00
4.700000000000000178e+00
4.700000000000000178e+00
4.759999999999999787e+00
4.759999999999999787e+00
4.759999999999999787e+00
4.759999999999999787e+00
4.759999999999999787e+00
4.759999999999999787e+00
4.759999999999999787e+00
4.759999999999999787e+00
4.759999999999999787e+00
