3.505999999999999783e+00
4.860000000000000320e+00
4.860000000000000320e+00
4.860000000000000320e+00
5.032000000000000028e+00
5.032000000000000028e+00
5.032000000000000028e+00
5.032000000000000028e+00
5.032000000000000028e+00
5.032000000000000028e+00
5.032000000000000028e+00
5.032000000000000028e+00
5.032000000000000028e+00
5.032000000000000028e+00
5.032000000000000028e+00
5.032000000000000028e+00
5.032000000000000028e+00
5.032000000000000028e+00
5.032000000000000028e+00
5.032000000000000028e+00
5.032000000000000028e+00
5.032000000000000028e+00
5.032000000000000028e+00
5.032000000000000028e+00
5.032000000000000028e+00
5.032000000000000028e+00
5.032000000000000028e+00
5.032000000000000028e+00
5.032000000000000028e+00
5.032000000000000028e+00
5.032000000000000028e+00
5.032000000000000028e+00
5.032000000000000028e+00
5.032000000000000028e+00
5.032000000000000028e+00
5.032000000000000028e+00
5.032000000000000028e+00
5.032000000000000028e+00
5.032000000000000028e+00
5.032000000000000028e+00
5.032000000000000028e+00
5.032000000000000028e+00
5.032000000000000028e+00
5.032000000000000028e+00
5.032000000000000028e+00
5.032000000000000028e+00
5.032000000000000028e+00
5.032000000000000028e+00
5.032000000000000028e+00
5.032000000000000028e+00
5.032000000000000028e+00
