3.505999999999999783e+00
3.505999999999999783e+00
4.011999999999999567e+00
4.011999999999999567e+00
4.011999999999999567e+00
4.820000000000000284e+00
4.820000000000000284e+00
4.820000000000000284e+00
4.820000000000000284e+00
4.820000000000000284e+00
4.820000000000000284e+00
4.820000000000000284e+00
4.820000000000000284e+00
4.820000000000000284e+00
4.820000000000000284e+00
4.820000000000000284e+00
4.820000000000000284e+00
4.820000000000000284e+00
4.820000000000000284e+00
4.820000000000000284e+00
4.820000000000000284e+00
4.820000000000000284e+00
4.820000000000000284e+00
4.820000000000000284e+00
4.820000000000000284e+00
4.820000000000000284e+00
4.820000000000000284e+00
4.820000000000000284e+00
4.820000000000000284e+00
4.820000000000000284e+00
4.820000000000000284e+00
4.820000000000000284e+00
4.820000000000000284e+00
4.820000000000000284e+00
4.820000000000000284e+00
4.820000000000000284e+00
4.820000000000000284e+00
4.820000000000000284e+00
4.820000000000000284e+00
4.820000000000000284e+00
4.820000000000000284e+00
4.820000000000000284e+00
4.820000000000000284e+00
4.820000000000000284e+00
4.820000000000000284e+00
4.820000000000000284e+00
4.820000000000000284e+00
4.820000000000000284e+00
4.820000000000000284e+00
4.820000000000000284e+00
4.820000000000000284e+00
