4.554000000000000270e+00
4.554000000000000270e+00
4.554000000000000270e+00
4.554000000000000270e+00
4.554000000000000270e+00
4.554000000000000270e+00
4.554000000000000270e+00
4.554000000000000270e+00
4.554000000000000270e+00
4.554000000000000270e+00
4.554000000000000270e+00
4.554000000000000270e+00
4.554000000000000270e+00
4.554000000000000270e+00
4.554000000000000270e+00
4.554000000000000270e+00
4.741999999999999993e+00
4.741999999999999993e+00
4.741999999999999993e+00
4.741999999999999993e+00
4.741999999999999993e+00
4.741999999999999993e+00
4.741999999999999993e+00
4.741999999999999993e+00
4.741999999999999993e+00
4.741999999999999993e+00
4.741999999999999993e+00
4.741999999999999993e+00
4.741999999999999993e+00
4.741999999999999993e+00
4.741999999999999993e+00
4.741999999999999993e+00
4.741999999999999993e+00
4.741999999999999993e+00
4.741999999999999993e+00
4.741999999999999993e+00
4.741999999999999993e+00
4.741999999999999993e+00
4.741999999999999993e+00
4.741999999999999993e+00
4.741999999999999993e+00
4.741999999999999993e+00
4.741999999999999993e+00
4.741999999999999993e+00
4.741999999999999993e+00
4.741999999999999993e+00
4.741999999999999993e+00
4.741999999999999993e+00
4.741999999999999993e+00
4.741999999999999993e+00
4.759999999999999787e+00
