4.554000000000000270e+00
4.772000000000000242e+00
4.772000000000000242e+00
4.878000000000000114e+00
5.057999999999999829e+00
5.057999999999999829e+00
5.057999999999999829e+00
5.057999999999999829e+00
5.057999999999999829e+00
5.057999999999999829e+00
5.057999999999999829e+00
5.057999999999999829e+00
5.057999999999999829e+00
5.057999999999999829e+00
5.057999999999999829e+00
5.057999999999999829e+00
5.057999999999999829e+00
5.057999999999999829e+00
5.057999999999999829e+00
5.057999999999999829e+00
5.057999999999999829e+00
5.057999999999999829e+00
5.057999999999999829e+00
5.057999999999999829e+00
5.057999999999999829e+00
5.057999999999999829e+00
5.057999999999999829e+00
5.057999999999999829e+00
5.057999999999999829e+00
5.057999999999999829e+00
5.057999999999999829e+00
5.057999999999999829e+00
5.057999999999999829e+00
5.057999999999999829e+00
5.057999999999999829e+00
5.057999999999999829e+00
5.057999999999999829e+00
5.057999999999999829e+00
5.057999999999999829e+00
5.057999999999999829e+00
5.057999999999999829e+00
5.057999999999999829e+00
5.057999999999999829e+00
5.057999999999999829e+00
5.057999999999999829e+00
5.057999999999999829e+00
5.057999999999999829e+00
5.057999999999999829e+00
5.057999999999999829e+00
5.057999999999999829e+00
5.057999999999999829e+00
