1.461999999999999966e+00
1.461999999999999966e+00
1.695999999999999952e+00
1.834000000000000075e+00
1.905999999999999917e+00
1.905999999999999917e+00
1.905999999999999917e+00
1.905999999999999917e+00
1.943999999999999950e+00
1.943999999999999950e+00
1.943999999999999950e+00
1.943999999999999950e+00
1.943999999999999950e+00
1.943999999999999950e+00
1.943999999999999950e+00
1.943999999999999950e+00
1.943999999999999950e+00
1.943999999999999950e+00
1.943999999999999950e+00
1.943999999999999950e+00
1.969999999999999973e+00
1.969999999999999973e+00
1.969999999999999973e+00
1.969999999999999973e+00
1.969999999999999973e+00
1.969999999999999973e+00
1.969999999999999973e+00
1.969999999999999973e+00
1.969999999999999973e+00
1.969999999999999973e+00
1.969999999999999973e+00
1.969999999999999973e+00
1.969999999999999973e+00
1.969999999999999973e+00
1.969999999999999973e+00
1.969999999999999973e+00
1.969999999999999973e+00
1.969999999999999973e+00
1.969999999999999973e+00
1.969999999999999973e+00
1.969999999999999973e+00
1.969999999999999973e+00
2.005999999999999783e+00
2.005999999999999783e+00
2.005999999999999783e+00
2.005999999999999783e+00
2.005999999999999783e+00
2.005999999999999783e+00
2.005999999999999783e+00
2.005999999999999783e+00
2.005999999999999783e+00
2.005999999999999783e+00
2.005999999999999783e+00
2.005999999999999783e+00
2.005999999999999783e+00
2.005999999999999783e+00
2.005999999999999783e+00
2.005999999999999783e+00
2.005999999999999783e+00
2.005999999999999783e+00
2.005999999999999783e+00
2.005999999999999783e+00
2.005999999999999783e+00
2.005999999999999783e+00
2.005999999999999783e+00
2.005999999999999783e+00
2.005999999999999783e+00
2.005999999999999783e+00
2.005999999999999783e+00
2.005999999999999783e+00
2.005999999999999783e+00
2.005999999999999783e+00
2.005999999999999783e+00
2.005999999999999783e+00
