4.554000000000000270e+00
4.863999999999999879e+00
4.863999999999999879e+00
4.863999999999999879e+00
4.863999999999999879e+00
4.993999999999999773e+00
4.993999999999999773e+00
4.993999999999999773e+00
4.993999999999999773e+00
4.993999999999999773e+00
4.993999999999999773e+00
4.993999999999999773e+00
4.993999999999999773e+00
4.993999999999999773e+00
4.993999999999999773e+00
4.993999999999999773e+00
4.993999999999999773e+00
4.993999999999999773e+00
4.993999999999999773e+00
4.993999999999999773e+00
4.993999999999999773e+00
4.993999999999999773e+00
4.993999999999999773e+00
4.993999999999999773e+00
4.993999999999999773e+00
4.993999999999999773e+00
4.993999999999999773e+00
4.993999999999999773e+00
4.993999999999999773e+00
4.993999999999999773e+00
4.993999999999999773e+00
4.993999999999999773e+00
4.993999999999999773e+00
4.993999999999999773e+00
4.993999999999999773e+00
4.993999999999999773e+00
4.993999999999999773e+00
4.993999999999999773e+00
4.993999999999999773e+00
4.993999999999999773e+00
4.993999999999999773e+00
4.993999999999999773e+00
4.993999999999999773e+00
4.993999999999999773e+00
4.993999999999999773e+00
4.993999999999999773e+00
4.993999999999999773e+00
4.993999999999999773e+00
4.993999999999999773e+00
4.993999999999999773e+00
4.993999999999999773e+00
