1.820000000000000062e+00
1.820000000000000062e+00
1.820000000000000062e+00
1.820000000000000062e+00
1.820000000000000062e+00
1.820000000000000062e+00
1.820000000000000062e+00
1.820000000000000062e+00
1.820000000000000062e+00
1.820000000000000062e+00
1.820000000000000062e+00
1.820000000000000062e+00
1.820000000000000062e+00
1.820000000000000062e+00
1.820000000000000062e+00
1.820000000000000062e+00
1.820000000000000062e+00
1.820000000000000062e+00
1.820000000000000062e+00
1.820000000000000062e+00
1.820000000000000062e+00
1.820000000000000062e+00
1.820000000000000062e+00
1.820000000000000062e+00
1.820000000000000062e+00
1.820000000000000062e+00
1.820000000000000062e+00
1.820000000000000062e+00
1.820000000000000062e+00
1.820000000000000062e+00
1.820000000000000062e+00
1.820000000000000062e+00
1.820000000000000062e+00
1.820000000000000062e+00
1.820000000000000062e+00
1.820000000000000062e+00
1.820000000000000062e+00
1.820000000000000062e+00
1.820000000000000062e+00
1.820000000000000062e+00
2.278000000000000025e+00
2.278000000000000025e+00
2.278000000000000025e+00
2.278000000000000025e+00
2.278000000000000025e+00
2.278000000000000025e+00
2.278000000000000025e+00
2.278000000000000025e+00
2.278000000000000025e+00
2.278000000000000025e+00
2.278000000000000025e+00
2.278000000000000025e+00
2.278000000000000025e+00
2.278000000000000025e+00
2.278000000000000025e+00
2.278000000000000025e+00
2.278000000000000025e+00
2.278000000000000025e+00
2.278000000000000025e+00
2.278000000000000025e+00
2.278000000000000025e+00
2.278000000000000025e+00
2.278000000000000025e+00
2.278000000000000025e+00
2.278000000000000025e+00
2.278000000000000025e+00
2.278000000000000025e+00
2.278000000000000025e+00
2.278000000000000025e+00
2.278000000000000025e+00
2.278000000000000025e+00
2.278000000000000025e+00
2.278000000000000025e+00
2.278000000000000025e+00
