3.306000000000000050e+00
3.306000000000000050e+00
3.306000000000000050e+00
3.306000000000000050e+00
3.306000000000000050e+00
3.306000000000000050e+00
3.306000000000000050e+00
3.306000000000000050e+00
3.306000000000000050e+00
3.306000000000000050e+00
3.306000000000000050e+00
3.306000000000000050e+00
3.306000000000000050e+00
3.306000000000000050e+00
3.306000000000000050e+00
3.306000000000000050e+00
3.306000000000000050e+00
3.306000000000000050e+00
3.306000000000000050e+00
3.306000000000000050e+00
3.306000000000000050e+00
3.306000000000000050e+00
3.306000000000000050e+00
3.306000000000000050e+00
3.306000000000000050e+00
3.306000000000000050e+00
3.306000000000000050e+00
3.306000000000000050e+00
3.306000000000000050e+00
3.306000000000000050e+00
3.306000000000000050e+00
3.306000000000000050e+00
3.306000000000000050e+00
3.306000000000000050e+00
3.306000000000000050e+00
3.306000000000000050e+00
3.306000000000000050e+00
3.306000000000000050e+00
3.306000000000000050e+00
3.306000000000000050e+00
3.306000000000000050e+00
3.306000000000000050e+00
3.306000000000000050e+00
3.434000000000000163e+00
3.459999999999999964e+00
3.459999999999999964e+00
3.459999999999999964e+00
3.459999999999999964e+00
3.459999999999999964e+00
3.459999999999999964e+00
3.459999999999999964e+00
