4.427999999999999936e+00
4.427999999999999936e+00
4.881999999999999673e+00
4.881999999999999673e+00
4.881999999999999673e+00
5.072000000000000064e+00
5.072000000000000064e+00
5.072000000000000064e+00
5.072000000000000064e+00
5.072000000000000064e+00
5.072000000000000064e+00
5.072000000000000064e+00
5.072000000000000064e+00
5.072000000000000064e+00
5.072000000000000064e+00
5.072000000000000064e+00
5.072000000000000064e+00
5.072000000000000064e+00
5.072000000000000064e+00
5.072000000000000064e+00
5.072000000000000064e+00
5.072000000000000064e+00
5.072000000000000064e+00
5.072000000000000064e+00
5.072000000000000064e+00
5.072000000000000064e+00
5.072000000000000064e+00
5.072000000000000064e+00
5.072000000000000064e+00
5.072000000000000064e+00
5.072000000000000064e+00
5.072000000000000064e+00
5.072000000000000064e+00
5.072000000000000064e+00
5.072000000000000064e+00
5.072000000000000064e+00
5.072000000000000064e+00
5.072000000000000064e+00
5.072000000000000064e+00
5.072000000000000064e+00
5.072000000000000064e+00
5.072000000000000064e+00
5.072000000000000064e+00
5.072000000000000064e+00
5.072000000000000064e+00
5.072000000000000064e+00
5.072000000000000064e+00
5.072000000000000064e+00
5.072000000000000064e+00
5.072000000000000064e+00
5.072000000000000064e+00
