4.748000000000000220e+00
4.748000000000000220e+00
4.950000000000000178e+00
4.950000000000000178e+00
5.019999999999999574e+00
5.019999999999999574e+00
5.019999999999999574e+00
5.019999999999999574e+00
5.019999999999999574e+00
5.019999999999999574e+00
5.019999999999999574e+00
5.019999999999999574e+00
5.019999999999999574e+00
5.019999999999999574e+00
5.019999999999999574e+00
5.019999999999999574e+00
5.019999999999999574e+00
5.019999999999999574e+00
5.019999999999999574e+00
5.019999999999999574e+00
5.019999999999999574e+00
5.019999999999999574e+00
5.019999999999999574e+00
5.059999999999999609e+00
5.059999999999999609e+00
5.059999999999999609e+00
5.059999999999999609e+00
5.059999999999999609e+00
5.059999999999999609e+00
5.059999999999999609e+00
5.059999999999999609e+00
5.059999999999999609e+00
5.059999999999999609e+00
5.059999999999999609e+00
5.059999999999999609e+00
5.059999999999999609e+00
5.059999999999999609e+00
5.059999999999999609e+00
5.059999999999999609e+00
5.059999999999999609e+00
5.059999999999999609e+00
5.059999999999999609e+00
5.059999999999999609e+00
5.059999999999999609e+00
5.059999999999999609e+00
5.059999999999999609e+00
5.059999999999999609e+00
5.059999999999999609e+00
5.059999999999999609e+00
5.059999999999999609e+00
5.059999999999999609e+00
