3.306000000000000050e+00
3.306000000000000050e+00
3.306000000000000050e+00
3.704000000000000181e+00
3.704000000000000181e+00
3.744000000000000217e+00
3.782000000000000028e+00
3.782000000000000028e+00
3.802000000000000046e+00
3.802000000000000046e+00
3.802000000000000046e+00
3.803999999999999826e+00
3.830000000000000071e+00
3.830000000000000071e+00
3.830000000000000071e+00
3.830000000000000071e+00
3.830000000000000071e+00
3.874000000000000110e+00
3.874000000000000110e+00
3.874000000000000110e+00
3.874000000000000110e+00
3.947999999999999954e+00
3.947999999999999954e+00
3.947999999999999954e+00
3.947999999999999954e+00
3.947999999999999954e+00
3.947999999999999954e+00
3.947999999999999954e+00
3.947999999999999954e+00
3.947999999999999954e+00
3.947999999999999954e+00
3.947999999999999954e+00
3.947999999999999954e+00
3.987999999999999989e+00
3.987999999999999989e+00
4.008000000000000007e+00
4.008000000000000007e+00
4.008000000000000007e+00
4.008000000000000007e+00
4.008000000000000007e+00
4.008000000000000007e+00
4.008000000000000007e+00
4.008000000000000007e+00
4.008000000000000007e+00
4.008000000000000007e+00
4.008000000000000007e+00
4.008000000000000007e+00
4.008000000000000007e+00
4.008000000000000007e+00
4.008000000000000007e+00
4.008000000000000007e+00
