1.461999999999999966e+00
1.461999999999999966e+00
1.461999999999999966e+00
1.461999999999999966e+00
1.536000000000000032e+00
1.536000000000000032e+00
1.536000000000000032e+00
1.536000000000000032e+00
1.536000000000000032e+00
1.536000000000000032e+00
1.536000000000000032e+00
1.536000000000000032e+00
1.536000000000000032e+00
1.536000000000000032e+00
1.536000000000000032e+00
1.536000000000000032e+00
1.536000000000000032e+00
1.536000000000000032e+00
1.536000000000000032e+00
1.536000000000000032e+00
1.536000000000000032e+00
1.536000000000000032e+00
1.536000000000000032e+00
1.536000000000000032e+00
1.536000000000000032e+00
1.733999999999999986e+00
1.733999999999999986e+00
1.733999999999999986e+00
1.733999999999999986e+00
1.733999999999999986e+00
1.733999999999999986e+00
1.733999999999999986e+00
1.733999999999999986e+00
1.733999999999999986e+00
1.733999999999999986e+00
1.733999999999999986e+00
1.733999999999999986e+00
1.733999999999999986e+00
1.733999999999999986e+00
1.733999999999999986e+00
1.733999999999999986e+00
1.794000000000000039e+00
1.794000000000000039e+00
1.794000000000000039e+00
1.794000000000000039e+00
1.794000000000000039e+00
1.794000000000000039e+00
1.794000000000000039e+00
1.794000000000000039e+00
1.794000000000000039e+00
1.794000000000000039e+00
1.794000000000000039e+00
1.794000000000000039e+00
1.794000000000000039e+00
1.794000000000000039e+00
1.794000000000000039e+00
1.794000000000000039e+00
1.794000000000000039e+00
1.794000000000000039e+00
1.794000000000000039e+00
1.794000000000000039e+00
1.794000000000000039e+00
1.794000000000000039e+00
1.794000000000000039e+00
1.794000000000000039e+00
1.794000000000000039e+00
1.794000000000000039e+00
1.794000000000000039e+00
1.794000000000000039e+00
1.794000000000000039e+00
1.794000000000000039e+00
1.794000000000000039e+00
1.794000000000000039e+00
1.794000000000000039e+00
