4.203999999999999737e+00
4.203999999999999737e+00
4.203999999999999737e+00
4.203999999999999737e+00
4.203999999999999737e+00
4.203999999999999737e+00
4.203999999999999737e+00
4.203999999999999737e+00
4.203999999999999737e+00
4.203999999999999737e+00
4.203999999999999737e+00
4.203999999999999737e+00
4.844000000000000306e+00
4.844000000000000306e+00
4.844000000000000306e+00
4.844000000000000306e+00
4.844000000000000306e+00
4.844000000000000306e+00
4.844000000000000306e+00
4.844000000000000306e+00
4.844000000000000306e+00
4.844000000000000306e+00
4.844000000000000306e+00
4.844000000000000306e+00
4.844000000000000306e+00
4.844000000000000306e+00
4.844000000000000306e+00
4.844000000000000306e+00
4.844000000000000306e+00
4.844000000000000306e+00
4.844000000000000306e+00
4.844000000000000306e+00
4.844000000000000306e+00
4.844000000000000306e+00
4.844000000000000306e+00
4.844000000000000306e+00
4.844000000000000306e+00
4.844000000000000306e+00
4.863999999999999879e+00
4.863999999999999879e+00
4.863999999999999879e+00
4.863999999999999879e+00
4.863999999999999879e+00
4.863999999999999879e+00
4.863999999999999879e+00
4.863999999999999879e+00
4.863999999999999879e+00
4.863999999999999879e+00
4.863999999999999879e+00
4.863999999999999879e+00
4.863999999999999879e+00
