1.542000000000000037e+00
1.542000000000000037e+00
1.576000000000000068e+00
1.576000000000000068e+00
1.808000000000000052e+00
2.347999999999999865e+00
2.347999999999999865e+00
2.479999999999999982e+00
2.479999999999999982e+00
2.541999999999999815e+00
2.541999999999999815e+00
2.541999999999999815e+00
2.541999999999999815e+00
2.568000000000000060e+00
2.568000000000000060e+00
2.568000000000000060e+00
2.584000000000000075e+00
2.584000000000000075e+00
2.584000000000000075e+00
2.584000000000000075e+00
2.584000000000000075e+00
2.584000000000000075e+00
2.584000000000000075e+00
2.584000000000000075e+00
2.584000000000000075e+00
2.584000000000000075e+00
2.584000000000000075e+00
2.584000000000000075e+00
2.584000000000000075e+00
2.584000000000000075e+00
2.584000000000000075e+00
2.584000000000000075e+00
2.584000000000000075e+00
2.584000000000000075e+00
2.584000000000000075e+00
2.584000000000000075e+00
2.584000000000000075e+00
2.584000000000000075e+00
2.584000000000000075e+00
2.584000000000000075e+00
2.584000000000000075e+00
2.584000000000000075e+00
2.584000000000000075e+00
2.584000000000000075e+00
2.584000000000000075e+00
2.584000000000000075e+00
2.584000000000000075e+00
2.584000000000000075e+00
2.584000000000000075e+00
2.584000000000000075e+00
2.584000000000000075e+00
2.584000000000000075e+00
2.584000000000000075e+00
2.584000000000000075e+00
2.584000000000000075e+00
2.584000000000000075e+00
2.584000000000000075e+00
2.584000000000000075e+00
2.584000000000000075e+00
2.584000000000000075e+00
2.584000000000000075e+00
2.584000000000000075e+00
2.584000000000000075e+00
2.584000000000000075e+00
2.584000000000000075e+00
2.584000000000000075e+00
2.584000000000000075e+00
2.584000000000000075e+00
2.584000000000000075e+00
2.584000000000000075e+00
2.584000000000000075e+00
2.584000000000000075e+00
2.584000000000000075e+00
2.584000000000000075e+00
