4.828000000000000291e+00
4.950000000000000178e+00
4.950000000000000178e+00
4.950000000000000178e+00
5.057999999999999829e+00
5.057999999999999829e+00
5.057999999999999829e+00
5.057999999999999829e+00
5.057999999999999829e+00
5.057999999999999829e+00
5.057999999999999829e+00
5.057999999999999829e+00
5.057999999999999829e+00
5.057999999999999829e+00
5.057999999999999829e+00
5.057999999999999829e+00
5.057999999999999829e+00
5.057999999999999829e+00
5.057999999999999829e+00
5.057999999999999829e+00
5.057999999999999829e+00
5.057999999999999829e+00
5.057999999999999829e+00
5.057999999999999829e+00
5.057999999999999829e+00
5.057999999999999829e+00
5.057999999999999829e+00
5.057999999999999829e+00
5.057999999999999829e+00
5.057999999999999829e+00
5.057999999999999829e+00
5.057999999999999829e+00
5.057999999999999829e+00
5.057999999999999829e+00
5.057999999999999829e+00
5.057999999999999829e+00
5.057999999999999829e+00
5.057999999999999829e+00
5.057999999999999829e+00
5.057999999999999829e+00
5.057999999999999829e+00
5.057999999999999829e+00
5.057999999999999829e+00
5.057999999999999829e+00
5.057999999999999829e+00
5.057999999999999829e+00
5.057999999999999829e+00
5.057999999999999829e+00
5.057999999999999829e+00
5.057999999999999829e+00
5.057999999999999829e+00
