2.657999999999999918e+00
4.628000000000000114e+00
4.772000000000000242e+00
4.772000000000000242e+00
4.772000000000000242e+00
4.956000000000000405e+00
4.956000000000000405e+00
4.956000000000000405e+00
4.956000000000000405e+00
4.956000000000000405e+00
4.956000000000000405e+00
4.956000000000000405e+00
4.956000000000000405e+00
4.956000000000000405e+00
4.958000000000000185e+00
4.958000000000000185e+00
4.958000000000000185e+00
4.958000000000000185e+00
5.054000000000000270e+00
5.054000000000000270e+00
5.054000000000000270e+00
5.054000000000000270e+00
5.054000000000000270e+00
5.054000000000000270e+00
5.054000000000000270e+00
5.054000000000000270e+00
5.054000000000000270e+00
5.054000000000000270e+00
5.054000000000000270e+00
5.054000000000000270e+00
5.054000000000000270e+00
5.054000000000000270e+00
5.054000000000000270e+00
5.054000000000000270e+00
5.054000000000000270e+00
5.054000000000000270e+00
5.054000000000000270e+00
5.054000000000000270e+00
5.054000000000000270e+00
5.054000000000000270e+00
5.054000000000000270e+00
5.054000000000000270e+00
5.054000000000000270e+00
5.054000000000000270e+00
5.054000000000000270e+00
5.054000000000000270e+00
5.054000000000000270e+00
5.054000000000000270e+00
5.054000000000000270e+00
5.054000000000000270e+00
5.054000000000000270e+00
