4.790000000000000036e+00
4.822000000000000064e+00
4.822000000000000064e+00
4.940000000000000391e+00
4.940000000000000391e+00
4.940000000000000391e+00
4.982000000000000206e+00
4.982000000000000206e+00
4.982000000000000206e+00
4.982000000000000206e+00
4.982000000000000206e+00
4.982000000000000206e+00
4.982000000000000206e+00
4.982000000000000206e+00
4.982000000000000206e+00
4.982000000000000206e+00
4.982000000000000206e+00
4.982000000000000206e+00
4.982000000000000206e+00
4.982000000000000206e+00
4.982000000000000206e+00
4.982000000000000206e+00
4.982000000000000206e+00
4.982000000000000206e+00
4.982000000000000206e+00
4.982000000000000206e+00
5.014000000000000234e+00
5.014000000000000234e+00
5.014000000000000234e+00
5.014000000000000234e+00
5.014000000000000234e+00
5.014000000000000234e+00
5.014000000000000234e+00
5.014000000000000234e+00
5.014000000000000234e+00
5.014000000000000234e+00
5.014000000000000234e+00
5.014000000000000234e+00
5.014000000000000234e+00
5.014000000000000234e+00
5.014000000000000234e+00
5.014000000000000234e+00
5.014000000000000234e+00
5.014000000000000234e+00
5.014000000000000234e+00
5.014000000000000234e+00
5.014000000000000234e+00
5.014000000000000234e+00
5.014000000000000234e+00
5.014000000000000234e+00
5.014000000000000234e+00
