4.203999999999999737e+00
4.690000000000000391e+00
4.690000000000000391e+00
4.791999999999999815e+00
5.017999999999999794e+00
5.017999999999999794e+00
5.017999999999999794e+00
5.038000000000000256e+00
5.038000000000000256e+00
5.038000000000000256e+00
5.038000000000000256e+00
5.038000000000000256e+00
5.038000000000000256e+00
5.038000000000000256e+00
5.038000000000000256e+00
5.038000000000000256e+00
5.038000000000000256e+00
5.038000000000000256e+00
5.038000000000000256e+00
5.038000000000000256e+00
5.038000000000000256e+00
5.038000000000000256e+00
5.038000000000000256e+00
5.038000000000000256e+00
5.038000000000000256e+00
5.038000000000000256e+00
5.038000000000000256e+00
5.038000000000000256e+00
5.038000000000000256e+00
5.038000000000000256e+00
5.038000000000000256e+00
5.038000000000000256e+00
5.038000000000000256e+00
5.038000000000000256e+00
5.038000000000000256e+00
5.038000000000000256e+00
5.038000000000000256e+00
5.038000000000000256e+00
5.038000000000000256e+00
5.038000000000000256e+00
5.038000000000000256e+00
5.038000000000000256e+00
5.038000000000000256e+00
5.038000000000000256e+00
5.038000000000000256e+00
5.038000000000000256e+00
5.038000000000000256e+00
5.038000000000000256e+00
5.038000000000000256e+00
5.038000000000000256e+00
5.038000000000000256e+00
