1.693999999999999950e+00
1.927999999999999936e+00
1.927999999999999936e+00
1.927999999999999936e+00
1.927999999999999936e+00
1.927999999999999936e+00
2.224000000000000199e+00
2.354000000000000092e+00
2.354000000000000092e+00
2.383999999999999897e+00
2.383999999999999897e+00
2.426000000000000156e+00
2.426000000000000156e+00
2.426000000000000156e+00
2.524000000000000021e+00
2.524000000000000021e+00
2.524000000000000021e+00
2.524000000000000021e+00
2.524000000000000021e+00
2.524000000000000021e+00
2.524000000000000021e+00
2.549999999999999822e+00
2.549999999999999822e+00
2.549999999999999822e+00
2.549999999999999822e+00
2.549999999999999822e+00
2.549999999999999822e+00
2.584000000000000075e+00
2.584000000000000075e+00
2.584000000000000075e+00
2.584000000000000075e+00
2.584000000000000075e+00
2.584000000000000075e+00
2.589999999999999858e+00
2.589999999999999858e+00
2.589999999999999858e+00
2.589999999999999858e+00
2.589999999999999858e+00
2.589999999999999858e+00
2.589999999999999858e+00
2.589999999999999858e+00
2.589999999999999858e+00
2.589999999999999858e+00
2.589999999999999858e+00
2.589999999999999858e+00
2.589999999999999858e+00
2.589999999999999858e+00
2.589999999999999858e+00
2.589999999999999858e+00
2.589999999999999858e+00
2.589999999999999858e+00
2.589999999999999858e+00
2.589999999999999858e+00
2.589999999999999858e+00
2.589999999999999858e+00
2.589999999999999858e+00
2.589999999999999858e+00
2.589999999999999858e+00
2.589999999999999858e+00
2.589999999999999858e+00
2.589999999999999858e+00
2.589999999999999858e+00
2.589999999999999858e+00
2.589999999999999858e+00
