1.542000000000000037e+00
1.542000000000000037e+00
1.542000000000000037e+00
2.048000000000000043e+00
2.065999999999999837e+00
2.065999999999999837e+00
2.165999999999999925e+00
2.165999999999999925e+00
2.165999999999999925e+00
2.165999999999999925e+00
2.165999999999999925e+00
2.165999999999999925e+00
2.165999999999999925e+00
2.165999999999999925e+00
2.165999999999999925e+00
2.165999999999999925e+00
2.319999999999999840e+00
2.319999999999999840e+00
2.319999999999999840e+00
2.319999999999999840e+00
2.319999999999999840e+00
2.319999999999999840e+00
2.319999999999999840e+00
2.319999999999999840e+00
2.319999999999999840e+00
2.319999999999999840e+00
2.319999999999999840e+00
2.319999999999999840e+00
2.319999999999999840e+00
2.319999999999999840e+00
2.319999999999999840e+00
2.319999999999999840e+00
2.319999999999999840e+00
2.358000000000000096e+00
2.358000000000000096e+00
2.358000000000000096e+00
2.358000000000000096e+00
2.358000000000000096e+00
2.358000000000000096e+00
2.358000000000000096e+00
2.358000000000000096e+00
2.358000000000000096e+00
2.358000000000000096e+00
2.358000000000000096e+00
2.358000000000000096e+00
2.358000000000000096e+00
2.358000000000000096e+00
2.358000000000000096e+00
2.358000000000000096e+00
2.501999999999999780e+00
2.501999999999999780e+00
2.501999999999999780e+00
2.501999999999999780e+00
2.501999999999999780e+00
2.501999999999999780e+00
2.501999999999999780e+00
2.501999999999999780e+00
2.501999999999999780e+00
2.501999999999999780e+00
2.501999999999999780e+00
2.501999999999999780e+00
2.501999999999999780e+00
2.501999999999999780e+00
2.501999999999999780e+00
2.501999999999999780e+00
2.501999999999999780e+00
2.501999999999999780e+00
2.501999999999999780e+00
2.501999999999999780e+00
2.501999999999999780e+00
2.501999999999999780e+00
2.501999999999999780e+00
2.501999999999999780e+00
2.501999999999999780e+00
