4.610000000000000320e+00
4.727999999999999758e+00
4.868000000000000327e+00
4.868000000000000327e+00
4.926000000000000156e+00
4.926000000000000156e+00
4.926000000000000156e+00
4.926000000000000156e+00
4.988000000000000433e+00
4.988000000000000433e+00
4.988000000000000433e+00
4.988000000000000433e+00
4.988000000000000433e+00
4.988000000000000433e+00
4.988000000000000433e+00
4.988000000000000433e+00
4.988000000000000433e+00
4.988000000000000433e+00
4.988000000000000433e+00
4.988000000000000433e+00
4.988000000000000433e+00
4.988000000000000433e+00
4.988000000000000433e+00
4.988000000000000433e+00
4.988000000000000433e+00
5.014000000000000234e+00
5.014000000000000234e+00
5.014000000000000234e+00
5.014000000000000234e+00
5.014000000000000234e+00
5.014000000000000234e+00
5.014000000000000234e+00
5.014000000000000234e+00
5.014000000000000234e+00
5.014000000000000234e+00
5.014000000000000234e+00
5.014000000000000234e+00
5.014000000000000234e+00
5.014000000000000234e+00
5.014000000000000234e+00
5.014000000000000234e+00
5.014000000000000234e+00
5.014000000000000234e+00
5.014000000000000234e+00
5.014000000000000234e+00
5.014000000000000234e+00
5.014000000000000234e+00
5.014000000000000234e+00
5.014000000000000234e+00
5.014000000000000234e+00
5.014000000000000234e+00
