4.427999999999999936e+00
4.427999999999999936e+00
4.822000000000000064e+00
5.000000000000000000e+00
5.000000000000000000e+00
5.000000000000000000e+00
5.000000000000000000e+00
5.000000000000000000e+00
5.000000000000000000e+00
5.000000000000000000e+00
5.000000000000000000e+00
5.000000000000000000e+00
5.000000000000000000e+00
5.000000000000000000e+00
5.000000000000000000e+00
5.000000000000000000e+00
5.000000000000000000e+00
5.000000000000000000e+00
5.000000000000000000e+00
5.000000000000000000e+00
5.000000000000000000e+00
5.000000000000000000e+00
5.056000000000000050e+00
5.056000000000000050e+00
5.056000000000000050e+00
5.056000000000000050e+00
5.056000000000000050e+00
5.056000000000000050e+00
5.056000000000000050e+00
5.056000000000000050e+00
5.056000000000000050e+00
5.056000000000000050e+00
5.056000000000000050e+00
5.056000000000000050e+00
5.056000000000000050e+00
5.056000000000000050e+00
5.056000000000000050e+00
5.056000000000000050e+00
5.056000000000000050e+00
5.056000000000000050e+00
5.056000000000000050e+00
5.056000000000000050e+00
5.056000000000000050e+00
5.056000000000000050e+00
5.056000000000000050e+00
5.056000000000000050e+00
5.056000000000000050e+00
5.056000000000000050e+00
5.056000000000000050e+00
5.056000000000000050e+00
5.056000000000000050e+00
