4.790000000000000036e+00
4.790000000000000036e+00
4.790000000000000036e+00
4.790000000000000036e+00
4.790000000000000036e+00
4.790000000000000036e+00
4.790000000000000036e+00
4.790000000000000036e+00
4.790000000000000036e+00
4.790000000000000036e+00
4.790000000000000036e+00
4.790000000000000036e+00
4.790000000000000036e+00
4.790000000000000036e+00
4.790000000000000036e+00
4.790000000000000036e+00
4.790000000000000036e+00
4.790000000000000036e+00
4.790000000000000036e+00
4.790000000000000036e+00
4.790000000000000036e+00
4.790000000000000036e+00
4.790000000000000036e+00
4.790000000000000036e+00
4.790000000000000036e+00
4.790000000000000036e+00
4.790000000000000036e+00
4.790000000000000036e+00
4.790000000000000036e+00
4.790000000000000036e+00
4.790000000000000036e+00
4.790000000000000036e+00
4.790000000000000036e+00
4.790000000000000036e+00
4.790000000000000036e+00
4.790000000000000036e+00
4.790000000000000036e+00
4.790000000000000036e+00
4.790000000000000036e+00
4.790000000000000036e+00
4.790000000000000036e+00
4.790000000000000036e+00
4.790000000000000036e+00
4.790000000000000036e+00
4.790000000000000036e+00
4.790000000000000036e+00
4.790000000000000036e+00
4.790000000000000036e+00
4.790000000000000036e+00
4.790000000000000036e+00
4.790000000000000036e+00
