1.693999999999999950e+00
1.693999999999999950e+00
1.693999999999999950e+00
1.907999999999999918e+00
1.995999999999999996e+00
1.995999999999999996e+00
1.995999999999999996e+00
1.995999999999999996e+00
1.995999999999999996e+00
1.995999999999999996e+00
1.995999999999999996e+00
1.995999999999999996e+00
2.132000000000000117e+00
2.132000000000000117e+00
2.132000000000000117e+00
2.132000000000000117e+00
2.132000000000000117e+00
2.132000000000000117e+00
2.132000000000000117e+00
2.132000000000000117e+00
2.132000000000000117e+00
2.132000000000000117e+00
2.132000000000000117e+00
2.132000000000000117e+00
2.132000000000000117e+00
2.132000000000000117e+00
2.132000000000000117e+00
2.132000000000000117e+00
2.132000000000000117e+00
2.132000000000000117e+00
2.132000000000000117e+00
2.132000000000000117e+00
2.132000000000000117e+00
2.132000000000000117e+00
2.132000000000000117e+00
2.132000000000000117e+00
2.132000000000000117e+00
2.132000000000000117e+00
2.132000000000000117e+00
2.132000000000000117e+00
2.132000000000000117e+00
2.132000000000000117e+00
2.132000000000000117e+00
2.132000000000000117e+00
2.132000000000000117e+00
2.132000000000000117e+00
2.132000000000000117e+00
2.132000000000000117e+00
2.132000000000000117e+00
2.132000000000000117e+00
2.132000000000000117e+00
2.132000000000000117e+00
2.132000000000000117e+00
2.132000000000000117e+00
2.132000000000000117e+00
2.132000000000000117e+00
2.132000000000000117e+00
2.132000000000000117e+00
2.132000000000000117e+00
2.132000000000000117e+00
2.132000000000000117e+00
2.132000000000000117e+00
2.132000000000000117e+00
2.132000000000000117e+00
