1.959999999999999964e+00
1.959999999999999964e+00
1.959999999999999964e+00
1.959999999999999964e+00
1.959999999999999964e+00
1.959999999999999964e+00
1.959999999999999964e+00
1.959999999999999964e+00
1.959999999999999964e+00
1.959999999999999964e+00
1.959999999999999964e+00
1.959999999999999964e+00
1.959999999999999964e+00
1.959999999999999964e+00
1.959999999999999964e+00
1.959999999999999964e+00
1.959999999999999964e+00
1.959999999999999964e+00
1.959999999999999964e+00
1.959999999999999964e+00
1.959999999999999964e+00
1.959999999999999964e+00
1.959999999999999964e+00
1.959999999999999964e+00
1.959999999999999964e+00
1.959999999999999964e+00
1.959999999999999964e+00
1.959999999999999964e+00
1.959999999999999964e+00
1.959999999999999964e+00
1.959999999999999964e+00
1.959999999999999964e+00
1.959999999999999964e+00
1.959999999999999964e+00
1.959999999999999964e+00
1.959999999999999964e+00
1.959999999999999964e+00
1.959999999999999964e+00
1.959999999999999964e+00
1.959999999999999964e+00
1.959999999999999964e+00
1.959999999999999964e+00
1.959999999999999964e+00
1.959999999999999964e+00
1.959999999999999964e+00
1.959999999999999964e+00
1.959999999999999964e+00
1.959999999999999964e+00
1.959999999999999964e+00
1.959999999999999964e+00
1.959999999999999964e+00
1.959999999999999964e+00
1.959999999999999964e+00
1.959999999999999964e+00
1.959999999999999964e+00
1.959999999999999964e+00
1.959999999999999964e+00
1.959999999999999964e+00
1.959999999999999964e+00
1.959999999999999964e+00
1.959999999999999964e+00
1.959999999999999964e+00
1.959999999999999964e+00
1.959999999999999964e+00
1.959999999999999964e+00
1.959999999999999964e+00
1.959999999999999964e+00
1.959999999999999964e+00
1.959999999999999964e+00
1.959999999999999964e+00
1.959999999999999964e+00
1.959999999999999964e+00
1.959999999999999964e+00
1.959999999999999964e+00
1.959999999999999964e+00
