1.528000000000000025e+00
1.528000000000000025e+00
1.528000000000000025e+00
1.528000000000000025e+00
1.528000000000000025e+00
1.528000000000000025e+00
1.528000000000000025e+00
1.528000000000000025e+00
1.528000000000000025e+00
1.528000000000000025e+00
1.528000000000000025e+00
1.528000000000000025e+00
1.528000000000000025e+00
1.528000000000000025e+00
1.528000000000000025e+00
1.528000000000000025e+00
1.528000000000000025e+00
1.528000000000000025e+00
1.528000000000000025e+00
1.528000000000000025e+00
1.528000000000000025e+00
1.528000000000000025e+00
1.528000000000000025e+00
1.528000000000000025e+00
1.528000000000000025e+00
1.528000000000000025e+00
1.528000000000000025e+00
1.528000000000000025e+00
1.528000000000000025e+00
1.528000000000000025e+00
1.528000000000000025e+00
1.528000000000000025e+00
1.528000000000000025e+00
1.528000000000000025e+00
1.528000000000000025e+00
1.754000000000000004e+00
1.754000000000000004e+00
1.754000000000000004e+00
1.754000000000000004e+00
1.754000000000000004e+00
1.754000000000000004e+00
1.754000000000000004e+00
1.754000000000000004e+00
1.754000000000000004e+00
1.754000000000000004e+00
1.754000000000000004e+00
1.754000000000000004e+00
1.754000000000000004e+00
1.754000000000000004e+00
1.754000000000000004e+00
1.754000000000000004e+00
1.754000000000000004e+00
1.754000000000000004e+00
1.754000000000000004e+00
1.754000000000000004e+00
1.754000000000000004e+00
1.754000000000000004e+00
1.754000000000000004e+00
1.754000000000000004e+00
1.754000000000000004e+00
1.754000000000000004e+00
1.754000000000000004e+00
1.754000000000000004e+00
1.754000000000000004e+00
1.754000000000000004e+00
