3.311999999999999833e+00
3.311999999999999833e+00
3.911999999999999922e+00
4.387999999999999901e+00
4.387999999999999901e+00
4.806000000000000050e+00
4.951999999999999957e+00
4.951999999999999957e+00
4.951999999999999957e+00
4.996000000000000441e+00
4.996000000000000441e+00
4.996000000000000441e+00
4.996000000000000441e+00
4.996000000000000441e+00
4.996000000000000441e+00
4.996000000000000441e+00
4.996000000000000441e+00
4.996000000000000441e+00
4.996000000000000441e+00
4.996000000000000441e+00
4.996000000000000441e+00
4.996000000000000441e+00
4.996000000000000441e+00
4.996000000000000441e+00
4.996000000000000441e+00
4.996000000000000441e+00
4.996000000000000441e+00
4.996000000000000441e+00
4.996000000000000441e+00
4.996000000000000441e+00
4.996000000000000441e+00
4.996000000000000441e+00
4.996000000000000441e+00
4.996000000000000441e+00
4.996000000000000441e+00
4.996000000000000441e+00
4.996000000000000441e+00
4.996000000000000441e+00
4.996000000000000441e+00
4.996000000000000441e+00
4.996000000000000441e+00
4.996000000000000441e+00
4.996000000000000441e+00
4.996000000000000441e+00
4.996000000000000441e+00
4.996000000000000441e+00
4.996000000000000441e+00
4.996000000000000441e+00
4.996000000000000441e+00
4.996000000000000441e+00
4.996000000000000441e+00
