1.985999999999999988e+00
1.985999999999999988e+00
1.985999999999999988e+00
2.438000000000000167e+00
2.443999999999999950e+00
2.462000000000000188e+00
2.462000000000000188e+00
2.487999999999999989e+00
2.516000000000000014e+00
2.516000000000000014e+00
2.516000000000000014e+00
2.516000000000000014e+00
2.585999999999999854e+00
2.585999999999999854e+00
2.585999999999999854e+00
2.585999999999999854e+00
2.585999999999999854e+00
2.585999999999999854e+00
2.585999999999999854e+00
2.585999999999999854e+00
2.585999999999999854e+00
2.585999999999999854e+00
2.585999999999999854e+00
2.585999999999999854e+00
2.585999999999999854e+00
2.585999999999999854e+00
2.585999999999999854e+00
2.585999999999999854e+00
2.585999999999999854e+00
2.585999999999999854e+00
2.585999999999999854e+00
2.585999999999999854e+00
2.585999999999999854e+00
2.585999999999999854e+00
2.585999999999999854e+00
2.585999999999999854e+00
2.585999999999999854e+00
2.585999999999999854e+00
2.585999999999999854e+00
2.585999999999999854e+00
2.585999999999999854e+00
2.585999999999999854e+00
2.585999999999999854e+00
2.585999999999999854e+00
2.585999999999999854e+00
2.585999999999999854e+00
2.585999999999999854e+00
2.585999999999999854e+00
2.585999999999999854e+00
2.585999999999999854e+00
2.585999999999999854e+00
2.585999999999999854e+00
2.585999999999999854e+00
2.585999999999999854e+00
2.585999999999999854e+00
2.585999999999999854e+00
2.585999999999999854e+00
2.585999999999999854e+00
2.585999999999999854e+00
2.585999999999999854e+00
2.585999999999999854e+00
2.585999999999999854e+00
2.585999999999999854e+00
2.585999999999999854e+00
2.585999999999999854e+00
2.585999999999999854e+00
2.585999999999999854e+00
2.585999999999999854e+00
2.585999999999999854e+00
2.585999999999999854e+00
2.585999999999999854e+00
2.585999999999999854e+00
2.585999999999999854e+00
2.585999999999999854e+00
2.585999999999999854e+00
