1.959999999999999964e+00
2.141999999999999904e+00
2.141999999999999904e+00
2.322000000000000064e+00
2.322000000000000064e+00
2.322000000000000064e+00
2.513999999999999790e+00
2.516000000000000014e+00
2.516000000000000014e+00
2.565999999999999837e+00
2.565999999999999837e+00
2.565999999999999837e+00
2.565999999999999837e+00
2.565999999999999837e+00
2.565999999999999837e+00
2.565999999999999837e+00
2.565999999999999837e+00
2.565999999999999837e+00
2.565999999999999837e+00
2.565999999999999837e+00
2.565999999999999837e+00
2.565999999999999837e+00
2.565999999999999837e+00
2.565999999999999837e+00
2.565999999999999837e+00
2.565999999999999837e+00
2.565999999999999837e+00
2.565999999999999837e+00
2.565999999999999837e+00
2.565999999999999837e+00
2.565999999999999837e+00
2.565999999999999837e+00
2.565999999999999837e+00
2.565999999999999837e+00
2.565999999999999837e+00
2.565999999999999837e+00
2.565999999999999837e+00
2.565999999999999837e+00
2.565999999999999837e+00
2.565999999999999837e+00
2.565999999999999837e+00
2.565999999999999837e+00
2.565999999999999837e+00
2.565999999999999837e+00
2.565999999999999837e+00
2.565999999999999837e+00
2.565999999999999837e+00
2.565999999999999837e+00
2.565999999999999837e+00
2.565999999999999837e+00
2.565999999999999837e+00
2.565999999999999837e+00
2.565999999999999837e+00
2.565999999999999837e+00
2.565999999999999837e+00
2.565999999999999837e+00
2.565999999999999837e+00
2.565999999999999837e+00
2.565999999999999837e+00
2.565999999999999837e+00
2.565999999999999837e+00
2.565999999999999837e+00
2.565999999999999837e+00
2.565999999999999837e+00
2.565999999999999837e+00
2.565999999999999837e+00
2.565999999999999837e+00
2.565999999999999837e+00
2.565999999999999837e+00
2.565999999999999837e+00
2.565999999999999837e+00
2.565999999999999837e+00
2.565999999999999837e+00
2.565999999999999837e+00
2.565999999999999837e+00
