1.985999999999999988e+00
1.985999999999999988e+00
1.985999999999999988e+00
1.985999999999999988e+00
1.985999999999999988e+00
1.985999999999999988e+00
1.985999999999999988e+00
1.985999999999999988e+00
1.985999999999999988e+00
1.985999999999999988e+00
1.985999999999999988e+00
1.985999999999999988e+00
1.985999999999999988e+00
1.985999999999999988e+00
1.985999999999999988e+00
1.985999999999999988e+00
1.985999999999999988e+00
1.985999999999999988e+00
1.985999999999999988e+00
1.985999999999999988e+00
1.985999999999999988e+00
1.985999999999999988e+00
1.985999999999999988e+00
1.985999999999999988e+00
1.985999999999999988e+00
1.985999999999999988e+00
1.985999999999999988e+00
1.985999999999999988e+00
1.985999999999999988e+00
1.985999999999999988e+00
1.985999999999999988e+00
1.985999999999999988e+00
1.985999999999999988e+00
1.985999999999999988e+00
1.985999999999999988e+00
1.985999999999999988e+00
1.985999999999999988e+00
2.220000000000000195e+00
2.220000000000000195e+00
2.220000000000000195e+00
2.220000000000000195e+00
2.220000000000000195e+00
2.220000000000000195e+00
2.220000000000000195e+00
2.220000000000000195e+00
2.220000000000000195e+00
2.220000000000000195e+00
2.220000000000000195e+00
2.220000000000000195e+00
2.220000000000000195e+00
2.220000000000000195e+00
2.220000000000000195e+00
2.220000000000000195e+00
2.220000000000000195e+00
2.220000000000000195e+00
2.220000000000000195e+00
2.220000000000000195e+00
2.220000000000000195e+00
2.220000000000000195e+00
2.220000000000000195e+00
2.220000000000000195e+00
2.220000000000000195e+00
2.220000000000000195e+00
2.220000000000000195e+00
2.220000000000000195e+00
2.220000000000000195e+00
2.220000000000000195e+00
2.220000000000000195e+00
2.220000000000000195e+00
2.220000000000000195e+00
2.220000000000000195e+00
2.220000000000000195e+00
2.220000000000000195e+00
2.220000000000000195e+00
2.220000000000000195e+00
