2.282000000000000028e+00
2.282000000000000028e+00
2.282000000000000028e+00
2.411999999999999922e+00
2.411999999999999922e+00
2.411999999999999922e+00
2.411999999999999922e+00
2.411999999999999922e+00
2.482000000000000206e+00
2.482000000000000206e+00
2.482000000000000206e+00
2.482000000000000206e+00
2.482000000000000206e+00
2.482000000000000206e+00
2.482000000000000206e+00
2.482000000000000206e+00
2.540000000000000036e+00
2.540000000000000036e+00
2.540000000000000036e+00
2.552000000000000046e+00
2.552000000000000046e+00
2.552000000000000046e+00
2.552000000000000046e+00
2.552000000000000046e+00
2.552000000000000046e+00
2.552000000000000046e+00
2.552000000000000046e+00
2.552000000000000046e+00
2.552000000000000046e+00
2.552000000000000046e+00
2.552000000000000046e+00
2.552000000000000046e+00
2.552000000000000046e+00
2.552000000000000046e+00
2.552000000000000046e+00
2.552000000000000046e+00
2.552000000000000046e+00
2.552000000000000046e+00
2.552000000000000046e+00
2.552000000000000046e+00
2.552000000000000046e+00
2.552000000000000046e+00
2.552000000000000046e+00
2.552000000000000046e+00
2.552000000000000046e+00
2.552000000000000046e+00
2.552000000000000046e+00
2.552000000000000046e+00
2.552000000000000046e+00
2.552000000000000046e+00
2.552000000000000046e+00
2.552000000000000046e+00
2.552000000000000046e+00
2.552000000000000046e+00
2.552000000000000046e+00
2.552000000000000046e+00
2.552000000000000046e+00
2.552000000000000046e+00
2.552000000000000046e+00
2.552000000000000046e+00
2.552000000000000046e+00
2.552000000000000046e+00
2.552000000000000046e+00
2.552000000000000046e+00
2.552000000000000046e+00
2.552000000000000046e+00
2.552000000000000046e+00
2.552000000000000046e+00
2.552000000000000046e+00
2.552000000000000046e+00
2.552000000000000046e+00
2.552000000000000046e+00
2.552000000000000046e+00
2.552000000000000046e+00
