1.542000000000000037e+00
1.542000000000000037e+00
1.542000000000000037e+00
1.542000000000000037e+00
1.542000000000000037e+00
1.542000000000000037e+00
1.542000000000000037e+00
1.542000000000000037e+00
1.542000000000000037e+00
1.542000000000000037e+00
1.542000000000000037e+00
1.542000000000000037e+00
1.935999999999999943e+00
1.935999999999999943e+00
1.935999999999999943e+00
1.935999999999999943e+00
1.935999999999999943e+00
1.935999999999999943e+00
1.935999999999999943e+00
1.935999999999999943e+00
1.935999999999999943e+00
1.935999999999999943e+00
1.935999999999999943e+00
1.935999999999999943e+00
1.935999999999999943e+00
1.935999999999999943e+00
1.935999999999999943e+00
1.935999999999999943e+00
1.935999999999999943e+00
1.935999999999999943e+00
1.935999999999999943e+00
1.935999999999999943e+00
1.935999999999999943e+00
1.935999999999999943e+00
1.935999999999999943e+00
1.935999999999999943e+00
1.935999999999999943e+00
1.935999999999999943e+00
1.935999999999999943e+00
1.935999999999999943e+00
1.935999999999999943e+00
1.935999999999999943e+00
1.935999999999999943e+00
1.935999999999999943e+00
1.935999999999999943e+00
1.935999999999999943e+00
1.935999999999999943e+00
1.935999999999999943e+00
1.935999999999999943e+00
1.935999999999999943e+00
1.935999999999999943e+00
1.935999999999999943e+00
1.935999999999999943e+00
1.935999999999999943e+00
1.935999999999999943e+00
1.935999999999999943e+00
1.935999999999999943e+00
1.935999999999999943e+00
1.935999999999999943e+00
1.935999999999999943e+00
1.935999999999999943e+00
1.935999999999999943e+00
1.935999999999999943e+00
1.935999999999999943e+00
1.935999999999999943e+00
1.935999999999999943e+00
1.935999999999999943e+00
1.935999999999999943e+00
1.935999999999999943e+00
1.935999999999999943e+00
1.935999999999999943e+00
1.935999999999999943e+00
1.935999999999999943e+00
1.935999999999999943e+00
