3.053999999999999826e+00
3.053999999999999826e+00
3.770000000000000018e+00
3.770000000000000018e+00
3.770000000000000018e+00
3.790000000000000036e+00
3.790000000000000036e+00
3.847999999999999865e+00
3.847999999999999865e+00
3.847999999999999865e+00
3.847999999999999865e+00
3.847999999999999865e+00
3.847999999999999865e+00
3.847999999999999865e+00
3.847999999999999865e+00
3.847999999999999865e+00
3.847999999999999865e+00
3.847999999999999865e+00
3.886000000000000121e+00
3.886000000000000121e+00
3.886000000000000121e+00
3.955999999999999961e+00
3.955999999999999961e+00
3.955999999999999961e+00
3.955999999999999961e+00
3.955999999999999961e+00
3.955999999999999961e+00
3.955999999999999961e+00
3.955999999999999961e+00
4.009999999999999787e+00
4.009999999999999787e+00
4.009999999999999787e+00
4.009999999999999787e+00
4.009999999999999787e+00
4.056000000000000050e+00
4.056000000000000050e+00
4.088000000000000078e+00
4.088000000000000078e+00
4.088000000000000078e+00
4.088000000000000078e+00
4.088000000000000078e+00
4.088000000000000078e+00
4.088000000000000078e+00
4.088000000000000078e+00
4.088000000000000078e+00
4.088000000000000078e+00
4.088000000000000078e+00
4.088000000000000078e+00
4.088000000000000078e+00
4.088000000000000078e+00
4.088000000000000078e+00
4.088000000000000078e+00
4.088000000000000078e+00
4.088000000000000078e+00
4.088000000000000078e+00
4.088000000000000078e+00
4.088000000000000078e+00
4.088000000000000078e+00
4.088000000000000078e+00
4.088000000000000078e+00
4.088000000000000078e+00
4.088000000000000078e+00
4.088000000000000078e+00
4.088000000000000078e+00
