1.820000000000000062e+00
1.820000000000000062e+00
1.820000000000000062e+00
1.995999999999999996e+00
1.995999999999999996e+00
1.995999999999999996e+00
2.145999999999999908e+00
2.145999999999999908e+00
2.145999999999999908e+00
2.145999999999999908e+00
2.212000000000000188e+00
2.212000000000000188e+00
2.212000000000000188e+00
2.335999999999999854e+00
2.335999999999999854e+00
2.354000000000000092e+00
2.354000000000000092e+00
2.354000000000000092e+00
2.354000000000000092e+00
2.354000000000000092e+00
2.354000000000000092e+00
2.354000000000000092e+00
2.354000000000000092e+00
2.354000000000000092e+00
2.354000000000000092e+00
2.354000000000000092e+00
2.354000000000000092e+00
2.354000000000000092e+00
2.354000000000000092e+00
2.354000000000000092e+00
2.354000000000000092e+00
2.354000000000000092e+00
2.354000000000000092e+00
2.354000000000000092e+00
2.354000000000000092e+00
2.354000000000000092e+00
2.354000000000000092e+00
2.354000000000000092e+00
2.354000000000000092e+00
2.354000000000000092e+00
2.354000000000000092e+00
2.354000000000000092e+00
2.354000000000000092e+00
2.354000000000000092e+00
2.354000000000000092e+00
2.354000000000000092e+00
2.354000000000000092e+00
2.354000000000000092e+00
2.354000000000000092e+00
2.414000000000000146e+00
2.414000000000000146e+00
2.414000000000000146e+00
2.414000000000000146e+00
2.414000000000000146e+00
2.414000000000000146e+00
2.414000000000000146e+00
2.414000000000000146e+00
2.414000000000000146e+00
2.414000000000000146e+00
2.414000000000000146e+00
2.414000000000000146e+00
2.414000000000000146e+00
2.414000000000000146e+00
2.414000000000000146e+00
2.414000000000000146e+00
2.414000000000000146e+00
2.414000000000000146e+00
2.414000000000000146e+00
2.414000000000000146e+00
2.414000000000000146e+00
2.414000000000000146e+00
2.414000000000000146e+00
2.414000000000000146e+00
2.414000000000000146e+00
