3.053999999999999826e+00
3.295999999999999819e+00
3.295999999999999819e+00
3.724000000000000199e+00
3.787999999999999812e+00
3.787999999999999812e+00
3.835999999999999854e+00
3.914000000000000146e+00
3.914000000000000146e+00
3.914000000000000146e+00
3.915999999999999925e+00
3.915999999999999925e+00
3.943999999999999950e+00
3.943999999999999950e+00
3.943999999999999950e+00
3.943999999999999950e+00
3.943999999999999950e+00
3.943999999999999950e+00
3.943999999999999950e+00
3.943999999999999950e+00
3.943999999999999950e+00
3.943999999999999950e+00
3.943999999999999950e+00
3.943999999999999950e+00
3.943999999999999950e+00
3.943999999999999950e+00
3.943999999999999950e+00
3.943999999999999950e+00
3.943999999999999950e+00
3.943999999999999950e+00
3.943999999999999950e+00
3.943999999999999950e+00
3.943999999999999950e+00
3.943999999999999950e+00
3.943999999999999950e+00
3.943999999999999950e+00
3.943999999999999950e+00
3.943999999999999950e+00
3.943999999999999950e+00
4.011999999999999567e+00
4.011999999999999567e+00
4.011999999999999567e+00
4.011999999999999567e+00
4.011999999999999567e+00
4.011999999999999567e+00
4.011999999999999567e+00
4.011999999999999567e+00
4.011999999999999567e+00
4.011999999999999567e+00
4.011999999999999567e+00
4.011999999999999567e+00
4.011999999999999567e+00
4.011999999999999567e+00
4.011999999999999567e+00
4.011999999999999567e+00
4.011999999999999567e+00
4.011999999999999567e+00
4.011999999999999567e+00
4.011999999999999567e+00
4.011999999999999567e+00
4.011999999999999567e+00
4.011999999999999567e+00
4.011999999999999567e+00
4.011999999999999567e+00
