1.461999999999999966e+00
1.461999999999999966e+00
1.461999999999999966e+00
1.729999999999999982e+00
1.840000000000000080e+00
1.840000000000000080e+00
2.080000000000000071e+00
2.188000000000000167e+00
2.188000000000000167e+00
2.351999999999999869e+00
2.363999999999999879e+00
2.363999999999999879e+00
2.363999999999999879e+00
2.363999999999999879e+00
2.382000000000000117e+00
2.426000000000000156e+00
2.426000000000000156e+00
2.495999999999999996e+00
2.495999999999999996e+00
2.495999999999999996e+00
2.495999999999999996e+00
2.495999999999999996e+00
2.495999999999999996e+00
2.495999999999999996e+00
2.495999999999999996e+00
2.495999999999999996e+00
2.495999999999999996e+00
2.495999999999999996e+00
2.495999999999999996e+00
2.495999999999999996e+00
2.495999999999999996e+00
2.495999999999999996e+00
2.495999999999999996e+00
2.495999999999999996e+00
2.495999999999999996e+00
2.495999999999999996e+00
2.495999999999999996e+00
2.495999999999999996e+00
2.495999999999999996e+00
2.495999999999999996e+00
2.495999999999999996e+00
2.495999999999999996e+00
2.495999999999999996e+00
2.528000000000000025e+00
2.528000000000000025e+00
2.528000000000000025e+00
2.528000000000000025e+00
2.528000000000000025e+00
2.528000000000000025e+00
2.528000000000000025e+00
2.528000000000000025e+00
2.528000000000000025e+00
2.528000000000000025e+00
2.528000000000000025e+00
2.528000000000000025e+00
2.528000000000000025e+00
2.529999999999999805e+00
2.529999999999999805e+00
2.529999999999999805e+00
2.529999999999999805e+00
2.529999999999999805e+00
2.529999999999999805e+00
2.529999999999999805e+00
2.529999999999999805e+00
2.529999999999999805e+00
2.529999999999999805e+00
2.529999999999999805e+00
2.529999999999999805e+00
2.529999999999999805e+00
2.529999999999999805e+00
2.529999999999999805e+00
2.529999999999999805e+00
2.529999999999999805e+00
2.529999999999999805e+00
