2.386000000000000121e+00
2.386000000000000121e+00
2.394000000000000128e+00
2.394000000000000128e+00
2.394000000000000128e+00
2.394000000000000128e+00
2.450000000000000178e+00
2.450000000000000178e+00
2.450000000000000178e+00
2.450000000000000178e+00
2.450000000000000178e+00
2.450000000000000178e+00
2.450000000000000178e+00
2.450000000000000178e+00
2.450000000000000178e+00
2.450000000000000178e+00
2.450000000000000178e+00
2.450000000000000178e+00
2.450000000000000178e+00
2.450000000000000178e+00
2.450000000000000178e+00
2.450000000000000178e+00
2.450000000000000178e+00
2.450000000000000178e+00
2.450000000000000178e+00
2.450000000000000178e+00
2.450000000000000178e+00
2.450000000000000178e+00
2.450000000000000178e+00
2.450000000000000178e+00
2.450000000000000178e+00
2.450000000000000178e+00
2.450000000000000178e+00
2.450000000000000178e+00
2.450000000000000178e+00
2.450000000000000178e+00
2.450000000000000178e+00
2.450000000000000178e+00
2.450000000000000178e+00
2.450000000000000178e+00
2.450000000000000178e+00
2.450000000000000178e+00
2.450000000000000178e+00
2.450000000000000178e+00
2.450000000000000178e+00
2.450000000000000178e+00
2.450000000000000178e+00
2.450000000000000178e+00
2.450000000000000178e+00
2.450000000000000178e+00
2.450000000000000178e+00
2.450000000000000178e+00
2.450000000000000178e+00
2.450000000000000178e+00
2.450000000000000178e+00
2.450000000000000178e+00
2.450000000000000178e+00
2.450000000000000178e+00
2.450000000000000178e+00
2.450000000000000178e+00
2.450000000000000178e+00
2.450000000000000178e+00
2.450000000000000178e+00
2.450000000000000178e+00
2.450000000000000178e+00
2.450000000000000178e+00
2.450000000000000178e+00
2.450000000000000178e+00
2.450000000000000178e+00
2.450000000000000178e+00
2.450000000000000178e+00
2.450000000000000178e+00
2.450000000000000178e+00
2.450000000000000178e+00
