1.959999999999999964e+00
1.967999999999999972e+00
2.225999999999999979e+00
2.225999999999999979e+00
2.414000000000000146e+00
2.414000000000000146e+00
2.414000000000000146e+00
2.414000000000000146e+00
2.414000000000000146e+00
2.414000000000000146e+00
2.414000000000000146e+00
2.414000000000000146e+00
2.414000000000000146e+00
2.414000000000000146e+00
2.414000000000000146e+00
2.414000000000000146e+00
2.414000000000000146e+00
2.414000000000000146e+00
2.414000000000000146e+00
2.414000000000000146e+00
2.414000000000000146e+00
2.414000000000000146e+00
2.414000000000000146e+00
2.565999999999999837e+00
2.565999999999999837e+00
2.565999999999999837e+00
2.565999999999999837e+00
2.565999999999999837e+00
2.565999999999999837e+00
2.565999999999999837e+00
2.565999999999999837e+00
2.565999999999999837e+00
2.565999999999999837e+00
2.565999999999999837e+00
2.565999999999999837e+00
2.565999999999999837e+00
2.565999999999999837e+00
2.565999999999999837e+00
2.565999999999999837e+00
2.565999999999999837e+00
2.565999999999999837e+00
2.565999999999999837e+00
2.565999999999999837e+00
2.565999999999999837e+00
2.565999999999999837e+00
2.565999999999999837e+00
2.565999999999999837e+00
2.565999999999999837e+00
2.565999999999999837e+00
2.565999999999999837e+00
2.565999999999999837e+00
2.565999999999999837e+00
2.565999999999999837e+00
2.565999999999999837e+00
2.565999999999999837e+00
2.565999999999999837e+00
2.565999999999999837e+00
2.565999999999999837e+00
2.565999999999999837e+00
2.565999999999999837e+00
2.565999999999999837e+00
2.565999999999999837e+00
2.565999999999999837e+00
2.565999999999999837e+00
2.565999999999999837e+00
2.565999999999999837e+00
2.565999999999999837e+00
2.565999999999999837e+00
2.565999999999999837e+00
2.565999999999999837e+00
2.565999999999999837e+00
2.565999999999999837e+00
2.565999999999999837e+00
2.565999999999999837e+00
2.565999999999999837e+00
