3.053999999999999826e+00
3.053999999999999826e+00
3.315999999999999837e+00
3.315999999999999837e+00
3.315999999999999837e+00
3.315999999999999837e+00
3.315999999999999837e+00
3.315999999999999837e+00
3.315999999999999837e+00
3.315999999999999837e+00
3.315999999999999837e+00
3.315999999999999837e+00
3.315999999999999837e+00
3.315999999999999837e+00
3.315999999999999837e+00
3.315999999999999837e+00
3.315999999999999837e+00
3.513999999999999790e+00
3.513999999999999790e+00
3.513999999999999790e+00
3.513999999999999790e+00
3.513999999999999790e+00
3.513999999999999790e+00
3.513999999999999790e+00
3.513999999999999790e+00
3.513999999999999790e+00
3.513999999999999790e+00
3.513999999999999790e+00
3.513999999999999790e+00
3.513999999999999790e+00
3.513999999999999790e+00
3.513999999999999790e+00
3.513999999999999790e+00
3.513999999999999790e+00
3.513999999999999790e+00
3.513999999999999790e+00
3.513999999999999790e+00
3.513999999999999790e+00
3.513999999999999790e+00
3.513999999999999790e+00
3.513999999999999790e+00
3.513999999999999790e+00
3.513999999999999790e+00
3.513999999999999790e+00
3.513999999999999790e+00
3.513999999999999790e+00
3.513999999999999790e+00
3.513999999999999790e+00
3.513999999999999790e+00
3.684000000000000163e+00
3.684000000000000163e+00
3.684000000000000163e+00
3.684000000000000163e+00
3.684000000000000163e+00
3.684000000000000163e+00
3.684000000000000163e+00
3.684000000000000163e+00
3.684000000000000163e+00
3.684000000000000163e+00
3.684000000000000163e+00
3.684000000000000163e+00
3.684000000000000163e+00
3.684000000000000163e+00
3.684000000000000163e+00
