2.129999999999999893e+00
2.129999999999999893e+00
2.338000000000000078e+00
2.338000000000000078e+00
2.451999999999999957e+00
2.451999999999999957e+00
2.451999999999999957e+00
2.451999999999999957e+00
2.451999999999999957e+00
2.451999999999999957e+00
2.451999999999999957e+00
2.451999999999999957e+00
2.451999999999999957e+00
2.451999999999999957e+00
2.451999999999999957e+00
2.451999999999999957e+00
2.451999999999999957e+00
2.451999999999999957e+00
2.451999999999999957e+00
2.451999999999999957e+00
2.451999999999999957e+00
2.451999999999999957e+00
2.451999999999999957e+00
2.451999999999999957e+00
2.451999999999999957e+00
2.451999999999999957e+00
2.451999999999999957e+00
2.451999999999999957e+00
2.451999999999999957e+00
2.451999999999999957e+00
2.451999999999999957e+00
2.451999999999999957e+00
2.451999999999999957e+00
2.451999999999999957e+00
2.451999999999999957e+00
2.451999999999999957e+00
2.451999999999999957e+00
2.451999999999999957e+00
2.451999999999999957e+00
2.451999999999999957e+00
2.451999999999999957e+00
2.451999999999999957e+00
2.451999999999999957e+00
2.451999999999999957e+00
2.451999999999999957e+00
2.451999999999999957e+00
2.451999999999999957e+00
2.451999999999999957e+00
2.451999999999999957e+00
2.451999999999999957e+00
2.451999999999999957e+00
2.451999999999999957e+00
2.451999999999999957e+00
2.451999999999999957e+00
2.451999999999999957e+00
2.451999999999999957e+00
2.451999999999999957e+00
2.451999999999999957e+00
2.451999999999999957e+00
2.451999999999999957e+00
2.451999999999999957e+00
2.451999999999999957e+00
2.451999999999999957e+00
2.483999999999999986e+00
2.483999999999999986e+00
2.483999999999999986e+00
2.483999999999999986e+00
2.483999999999999986e+00
2.483999999999999986e+00
2.483999999999999986e+00
2.483999999999999986e+00
2.483999999999999986e+00
2.483999999999999986e+00
2.483999999999999986e+00
