4.748000000000000220e+00
4.748000000000000220e+00
4.748000000000000220e+00
4.748000000000000220e+00
4.748000000000000220e+00
4.748000000000000220e+00
4.748000000000000220e+00
4.748000000000000220e+00
4.748000000000000220e+00
4.748000000000000220e+00
4.748000000000000220e+00
4.748000000000000220e+00
4.748000000000000220e+00
4.748000000000000220e+00
4.748000000000000220e+00
4.748000000000000220e+00
4.748000000000000220e+00
4.748000000000000220e+00
4.748000000000000220e+00
4.748000000000000220e+00
4.748000000000000220e+00
4.748000000000000220e+00
4.748000000000000220e+00
4.748000000000000220e+00
4.748000000000000220e+00
4.748000000000000220e+00
4.748000000000000220e+00
4.748000000000000220e+00
4.748000000000000220e+00
4.748000000000000220e+00
4.748000000000000220e+00
4.748000000000000220e+00
4.748000000000000220e+00
4.748000000000000220e+00
4.748000000000000220e+00
4.748000000000000220e+00
4.748000000000000220e+00
4.748000000000000220e+00
4.748000000000000220e+00
4.748000000000000220e+00
4.748000000000000220e+00
4.748000000000000220e+00
4.748000000000000220e+00
4.748000000000000220e+00
4.748000000000000220e+00
4.748000000000000220e+00
4.748000000000000220e+00
4.748000000000000220e+00
4.748000000000000220e+00
4.748000000000000220e+00
4.748000000000000220e+00
