2.657999999999999918e+00
4.251999999999999780e+00
4.251999999999999780e+00
4.895999999999999908e+00
4.895999999999999908e+00
4.895999999999999908e+00
4.948000000000000398e+00
4.974000000000000199e+00
4.974000000000000199e+00
4.974000000000000199e+00
4.974000000000000199e+00
4.974000000000000199e+00
4.974000000000000199e+00
4.974000000000000199e+00
4.974000000000000199e+00
4.974000000000000199e+00
4.974000000000000199e+00
4.974000000000000199e+00
4.974000000000000199e+00
4.974000000000000199e+00
4.974000000000000199e+00
4.974000000000000199e+00
4.974000000000000199e+00
4.974000000000000199e+00
4.974000000000000199e+00
4.974000000000000199e+00
4.974000000000000199e+00
4.974000000000000199e+00
4.974000000000000199e+00
4.974000000000000199e+00
4.974000000000000199e+00
4.974000000000000199e+00
4.974000000000000199e+00
4.983999999999999986e+00
4.983999999999999986e+00
4.983999999999999986e+00
4.983999999999999986e+00
4.983999999999999986e+00
4.983999999999999986e+00
4.983999999999999986e+00
4.983999999999999986e+00
4.983999999999999986e+00
4.983999999999999986e+00
5.000000000000000000e+00
5.000000000000000000e+00
5.000000000000000000e+00
5.000000000000000000e+00
5.000000000000000000e+00
5.000000000000000000e+00
5.000000000000000000e+00
5.000000000000000000e+00
