2.282000000000000028e+00
2.282000000000000028e+00
2.322000000000000064e+00
2.322000000000000064e+00
2.322000000000000064e+00
2.322000000000000064e+00
2.322000000000000064e+00
2.322000000000000064e+00
2.322000000000000064e+00
2.322000000000000064e+00
2.322000000000000064e+00
2.322000000000000064e+00
2.322000000000000064e+00
2.406000000000000139e+00
2.406000000000000139e+00
2.406000000000000139e+00
2.406000000000000139e+00
2.406000000000000139e+00
2.406000000000000139e+00
2.406000000000000139e+00
2.406000000000000139e+00
2.406000000000000139e+00
2.406000000000000139e+00
2.406000000000000139e+00
2.406000000000000139e+00
2.406000000000000139e+00
2.406000000000000139e+00
2.406000000000000139e+00
2.406000000000000139e+00
2.406000000000000139e+00
2.406000000000000139e+00
2.406000000000000139e+00
2.406000000000000139e+00
2.406000000000000139e+00
2.406000000000000139e+00
2.406000000000000139e+00
2.406000000000000139e+00
2.406000000000000139e+00
2.406000000000000139e+00
2.406000000000000139e+00
2.406000000000000139e+00
2.406000000000000139e+00
2.406000000000000139e+00
2.406000000000000139e+00
2.406000000000000139e+00
2.406000000000000139e+00
2.406000000000000139e+00
2.406000000000000139e+00
2.406000000000000139e+00
2.406000000000000139e+00
2.406000000000000139e+00
2.406000000000000139e+00
2.406000000000000139e+00
2.406000000000000139e+00
2.406000000000000139e+00
2.406000000000000139e+00
2.406000000000000139e+00
2.439999999999999947e+00
2.439999999999999947e+00
2.439999999999999947e+00
2.439999999999999947e+00
2.439999999999999947e+00
2.439999999999999947e+00
2.439999999999999947e+00
2.439999999999999947e+00
2.439999999999999947e+00
2.439999999999999947e+00
2.439999999999999947e+00
2.439999999999999947e+00
2.439999999999999947e+00
2.439999999999999947e+00
2.439999999999999947e+00
2.439999999999999947e+00
2.439999999999999947e+00
