4.828000000000000291e+00
4.828000000000000291e+00
4.916000000000000369e+00
4.916000000000000369e+00
4.916000000000000369e+00
4.916000000000000369e+00
5.003999999999999559e+00
5.003999999999999559e+00
5.003999999999999559e+00
5.003999999999999559e+00
5.003999999999999559e+00
5.003999999999999559e+00
5.003999999999999559e+00
5.003999999999999559e+00
5.003999999999999559e+00
5.003999999999999559e+00
5.003999999999999559e+00
5.003999999999999559e+00
5.003999999999999559e+00
5.003999999999999559e+00
5.003999999999999559e+00
5.003999999999999559e+00
5.003999999999999559e+00
5.003999999999999559e+00
5.003999999999999559e+00
5.003999999999999559e+00
5.003999999999999559e+00
5.003999999999999559e+00
5.003999999999999559e+00
5.003999999999999559e+00
5.003999999999999559e+00
5.003999999999999559e+00
5.003999999999999559e+00
5.003999999999999559e+00
5.003999999999999559e+00
5.003999999999999559e+00
5.003999999999999559e+00
5.003999999999999559e+00
5.003999999999999559e+00
5.003999999999999559e+00
5.003999999999999559e+00
5.003999999999999559e+00
5.003999999999999559e+00
5.003999999999999559e+00
5.003999999999999559e+00
5.003999999999999559e+00
5.003999999999999559e+00
5.003999999999999559e+00
5.003999999999999559e+00
5.003999999999999559e+00
5.003999999999999559e+00
