1.693999999999999950e+00
1.693999999999999950e+00
1.693999999999999950e+00
1.693999999999999950e+00
1.693999999999999950e+00
1.693999999999999950e+00
1.693999999999999950e+00
1.693999999999999950e+00
1.693999999999999950e+00
1.693999999999999950e+00
1.693999999999999950e+00
1.693999999999999950e+00
1.693999999999999950e+00
1.693999999999999950e+00
1.693999999999999950e+00
1.693999999999999950e+00
1.693999999999999950e+00
1.693999999999999950e+00
1.693999999999999950e+00
1.693999999999999950e+00
1.693999999999999950e+00
1.693999999999999950e+00
1.693999999999999950e+00
1.693999999999999950e+00
1.693999999999999950e+00
1.693999999999999950e+00
1.693999999999999950e+00
1.693999999999999950e+00
1.693999999999999950e+00
1.693999999999999950e+00
1.693999999999999950e+00
1.693999999999999950e+00
1.693999999999999950e+00
1.693999999999999950e+00
1.693999999999999950e+00
1.693999999999999950e+00
1.693999999999999950e+00
1.693999999999999950e+00
1.693999999999999950e+00
1.693999999999999950e+00
1.693999999999999950e+00
1.693999999999999950e+00
1.693999999999999950e+00
1.693999999999999950e+00
1.693999999999999950e+00
1.693999999999999950e+00
1.693999999999999950e+00
1.693999999999999950e+00
1.693999999999999950e+00
1.693999999999999950e+00
1.693999999999999950e+00
1.693999999999999950e+00
1.693999999999999950e+00
1.693999999999999950e+00
1.693999999999999950e+00
1.693999999999999950e+00
1.693999999999999950e+00
1.693999999999999950e+00
1.693999999999999950e+00
1.693999999999999950e+00
1.693999999999999950e+00
1.693999999999999950e+00
1.693999999999999950e+00
1.693999999999999950e+00
