2.282000000000000028e+00
2.282000000000000028e+00
2.282000000000000028e+00
2.282000000000000028e+00
2.282000000000000028e+00
2.282000000000000028e+00
2.282000000000000028e+00
2.282000000000000028e+00
2.282000000000000028e+00
2.282000000000000028e+00
2.282000000000000028e+00
2.282000000000000028e+00
2.282000000000000028e+00
2.282000000000000028e+00
2.282000000000000028e+00
2.282000000000000028e+00
2.282000000000000028e+00
2.282000000000000028e+00
2.282000000000000028e+00
2.282000000000000028e+00
2.282000000000000028e+00
2.282000000000000028e+00
2.282000000000000028e+00
2.282000000000000028e+00
2.282000000000000028e+00
2.282000000000000028e+00
2.282000000000000028e+00
2.282000000000000028e+00
2.282000000000000028e+00
2.282000000000000028e+00
2.282000000000000028e+00
2.282000000000000028e+00
2.282000000000000028e+00
2.282000000000000028e+00
2.282000000000000028e+00
2.282000000000000028e+00
2.282000000000000028e+00
2.282000000000000028e+00
2.282000000000000028e+00
2.282000000000000028e+00
2.282000000000000028e+00
2.282000000000000028e+00
2.282000000000000028e+00
2.282000000000000028e+00
2.282000000000000028e+00
2.282000000000000028e+00
2.282000000000000028e+00
2.282000000000000028e+00
2.282000000000000028e+00
2.282000000000000028e+00
2.282000000000000028e+00
2.282000000000000028e+00
2.282000000000000028e+00
2.282000000000000028e+00
2.282000000000000028e+00
2.282000000000000028e+00
2.282000000000000028e+00
2.282000000000000028e+00
2.282000000000000028e+00
2.282000000000000028e+00
2.282000000000000028e+00
2.282000000000000028e+00
2.282000000000000028e+00
2.282000000000000028e+00
2.282000000000000028e+00
2.282000000000000028e+00
2.282000000000000028e+00
2.282000000000000028e+00
2.282000000000000028e+00
2.282000000000000028e+00
2.282000000000000028e+00
2.282000000000000028e+00
2.282000000000000028e+00
2.282000000000000028e+00
