4.610000000000000320e+00
4.610000000000000320e+00
4.610000000000000320e+00
4.610000000000000320e+00
4.610000000000000320e+00
4.610000000000000320e+00
4.610000000000000320e+00
4.900000000000000355e+00
4.900000000000000355e+00
4.900000000000000355e+00
4.900000000000000355e+00
4.900000000000000355e+00
4.900000000000000355e+00
4.900000000000000355e+00
4.900000000000000355e+00
4.900000000000000355e+00
4.900000000000000355e+00
4.900000000000000355e+00
4.900000000000000355e+00
4.900000000000000355e+00
4.953999999999999737e+00
4.953999999999999737e+00
4.953999999999999737e+00
4.953999999999999737e+00
4.953999999999999737e+00
4.953999999999999737e+00
4.953999999999999737e+00
4.953999999999999737e+00
4.953999999999999737e+00
4.953999999999999737e+00
4.953999999999999737e+00
4.953999999999999737e+00
4.953999999999999737e+00
4.953999999999999737e+00
4.953999999999999737e+00
4.953999999999999737e+00
4.953999999999999737e+00
4.953999999999999737e+00
4.953999999999999737e+00
4.953999999999999737e+00
4.953999999999999737e+00
4.953999999999999737e+00
4.953999999999999737e+00
4.953999999999999737e+00
4.953999999999999737e+00
4.953999999999999737e+00
4.953999999999999737e+00
4.953999999999999737e+00
4.953999999999999737e+00
4.953999999999999737e+00
4.953999999999999737e+00
